3 0.3557692307692307 0.41346153846153844 0.2860576923076923 0.7091346153846154
3 0.5901442307692306 0.3798076923076923 0.19951923076923073 0.6153846153846154
3 0.7800480769230769 0.3858173076923077 0.234375 0.7247596153846154
5 0.3581730769230769 0.4014423076923077 0.18629807692307698 0.4158653846153846
5 0.5985576923076923 0.3329326923076923 0.20673076923076916 0.4158653846153846
5 0.78125 0.3245192307692308 0.20913461538461542 0.4495192307692307
6 0.39663461538461536 0.6971153846153847 0.09975961538461531 0.10456730769230771
6 0.6454326923076923 0.6322115384615383 0.09014423076923073 0.12139423076923073
6 0.7283653846153846 0.6887019230769231 0.14182692307692302 0.11298076923076916
1 0.375 0.6574519230769231 0.05288461538461542 0.05048076923076916
1 0.6370192307692307 0.5925480769230769 0.06370192307692313 0.055288461538461564
1 0.7079326923076923 0.6322115384615385 0.06610576923076927 0.03725961538461531
