3 0.19471153846153844 0.06610576923076922 0.34375 0.12499999999999999
6 0.2403846153846154 0.7884615384615384 0.04326923076923078 0.05288461538461542
3 0.25120192307692313 0.20192307692307693 0.16105769230769235 0.11057692307692304
7 0.30528846153846156 0.6009615384615384 0.0625 0.05649038461538458
3 0.31971153846153844 0.28846153846153844 0.5384615384615385 0.19711538461538458
3 0.3557692307692308 0.7740384615384616 0.295673076923077 0.109375
5 0.35576923076923084 0.7800480769230769 0.12620192307692307 0.08774038461538458
3 0.38341346153846156 0.6057692307692307 0.21995192307692307 0.078125
2 0.04086538461538462 0.20432692307692307 0.07211538461538461 0.06610576923076925
3 0.08653846153846154 0.203125 0.15985576923076922 0.09975961538461542
7 0.09014423076923077 0.3317307692307692 0.09975961538461539 0.078125
