6 0.30889423076923084 0.34134615384615385 0.18149038461538458 0.1298076923076923
6 0.41225961538461536 0.5240384615384616 0.15985576923076927 0.11899038461538458
6 0.3509615384615384 0.7103365384615384 0.16826923076923073 0.13942307692307687
5 0.7199519230769231 0.30528846153846156 0.4891826923076923 0.26923076923076916
5 0.7824519230769231 0.5300480769230769 0.43028846153846156 0.2764423076923077
5 0.75 0.7379807692307692 0.4783653846153846 0.23076923076923073
3 0.6105769230769231 0.3125 0.765625 0.25360576923076916
3 0.6550480769230769 0.5288461538461539 0.6826923076923077 0.28004807692307687
3 0.6237980769230769 0.7391826923076923 0.7307692307692308 0.24399038461538458
1 0.48197115384615385 0.5276442307692307 0.05769230769230771 0.078125
