4 0.21514423076923073 0.36057692307692313 0.05168269230769229 0.07211538461538458
4 0.7884615384615384 0.28485576923076916 0.04206730769230771 0.06850961538461542
4 0.9387019230769231 0.2932692307692308 0.043269230769230727 0.07932692307692302
6 0.7379807692307692 0.31490384615384615 0.034855769230769273 0.06370192307692313
6 0.35817307692307687 0.3629807692307693 0.03245192307692313 0.06370192307692313
6 0.890625 0.295673076923077 0.04086538461538458 0.07331730769230771
6 0.9831730769230769 0.282451923076923 0.033653846153846145 0.09855769230769229
6 0.9723557692307693 0.22475961538461542 0.05168269230769229 0.07211538461538458
3 0.9711538461538461 0.5709134615384616 0.05528846153846145 0.7740384615384615
3 0.9350961538461539 0.5324519230769231 0.07692307692307687 0.6730769230769231
3 0.8846153846153846 0.5552884615384616 0.06610576923076916 0.6033653846153846
3 0.8401442307692307 0.5408653846153846 0.06730769230769229 0.5360576923076923
3 0.7800480769230769 0.5096153846153846 0.09495192307692302 0.5036057692307692
3 0.7295673076923077 0.48557692307692313 0.05288461538461542 0.4278846153846154
3 0.3533653846153846 0.5420673076923077 0.07331730769230771 0.45673076923076916
3 0.20552884615384615 0.6442307692307693 0.1454326923076923 0.6610576923076923
2 0.8365384615384616 0.3341346153846154 0.030048076923076872 0.07451923076923084
