3 0.4435096153846154 0.2860576923076923 0.8605769230769231 0.34375
3 0.4423076923076923 0.5528846153846154 0.8221153846153846 0.21754807692307698
3 0.4098557692307693 0.7439903846153846 0.7764423076923077 0.23076923076923084
3 0.532451923076923 0.8485576923076923 0.3485576923076923 0.078125
3 0.5204326923076923 0.9086538461538461 0.36298076923076916 0.07331730769230771
5 0.5 0.32932692307692313 0.453125 0.234375
5 0.5228365384615384 0.5456730769230769 0.40745192307692313 0.22475961538461542
5 0.46153846153846156 0.7235576923076923 0.39182692307692313 0.19350961538461542
5 0.5540865384615384 0.8485576923076923 0.1454326923076923 0.08173076923076927
5 0.5528846153846154 0.9122596153846154 0.16346153846153844 0.050480769230769273
5 0.6502403846153846 0.9627403846153846 0.18149038461538458 0.06971153846153844
6 0.8137019230769231 0.3942307692307692 0.12860576923076927 0.1358173076923076
6 0.8185096153846154 0.5336538461538461 0.1358173076923077 0.08894230769230771
6 0.7463942307692308 0.6887019230769231 0.10336538461538469 0.1358173076923077
6 0.6646634615384616 0.8521634615384616 0.04567307692307687 0.04807692307692313
6 0.6742788461538461 0.9122596153846154 0.05528846153846145 0.05769230769230771
