5 0.8918269230769231 0.4471153846153846 0.11057692307692302 0.24038461538461536
5 0.7139423076923077 0.4495192307692308 0.15264423076923084 0.30528846153846156
5 0.4375 0.4230769230769231 0.109375 0.2752403846153847
5 0.28725961538461536 0.37740384615384615 0.11778846153846156 0.3016826923076923
5 0.17548076923076927 0.421875 0.11418269230769229 0.29326923076923084
3 0.8846153846153846 0.5865384615384616 0.17548076923076916 0.7391826923076923
3 0.7019230769230769 0.5757211538461539 0.19951923076923073 0.7704326923076923
3 0.4495192307692307 0.5745192307692307 0.1610576923076923 0.7800480769230769
3 0.2872596153846154 0.5204326923076923 0.1298076923076923 0.7776442307692308
3 0.15384615384615385 0.5588942307692307 0.1766826923076923 0.8173076923076923
3 0.09855769230769229 0.6838942307692308 0.125 0.4627403846153847
2 0.4375 0.22836538461538458 0.05649038461538458 0.08894230769230768
2 0.7223557692307692 0.24038461538461536 0.05288461538461531 0.08894230769230768
2 0.2692307692307693 0.18028846153846156 0.06129807692307687 0.09855769230769232
2 0.13942307692307687 0.22115384615384615 0.078125 0.10456730769230771
