1 0.25841346153846156 0.2764423076923077 0.03605769230769229 0.09735576923076925
3 0.29567307692307687 0.7884615384615384 0.24519230769230765 0.11057692307692313
7 0.31009615384615385 0.469951923076923 0.2175480769230769 0.13942307692307687
5 0.32572115384615385 0.7884615384615384 0.1706730769230769 0.07932692307692313
3 0.3954326923076923 0.2848557692307692 0.6814903846153846 0.3221153846153847
5 0.39783653846153844 0.2716346153846154 0.32692307692307687 0.19711538461538464
1 0.39783653846153844 0.49158653846153844 0.05528846153846151 0.06370192307692313
5 0.436298076923077 0.6838942307692307 0.41105769230769235 0.2764423076923077
3 0.5877403846153846 0.6382211538461539 0.8088942307692308 0.4639423076923077
7 0.15985576923076922 0.2764423076923077 0.1766826923076923 0.1370192307692308
0 0.21153846153846156 0.7872596153846154 0.055288461538461536 0.050480769230769273
