6 0.3028846153846154 0.7932692307692308 0.03125 0.050480769230769273
6 0.49399038461538464 0.6478365384615384 0.0264423076923076 0.03846153846153855
6 0.5865384615384616 0.7620192307692307 0.02644230769230771 0.03605769230769229
5 0.33052884615384615 0.7560096153846154 0.05168269230769229 0.0625
5 0.5132211538461539 0.6105769230769231 0.03846153846153855 0.06850961538461542
5 0.5913461538461539 0.7019230769230769 0.03605769230769229 0.07932692307692302
5 0.7439903846153846 0.6153846153846154 0.04086538461538458 0.04807692307692302
3 0.33413461538461536 0.7295673076923077 0.09735576923076927 0.171875
3 0.5132211538461539 0.5661057692307692 0.09254807692307687 0.203125
3 0.5877403846153846 0.6442307692307692 0.05769230769230771 0.264423076923077
3 0.7451923076923077 0.5769230769230769 0.05649038461538458 0.15985576923076927
