7 0.4122596153846154 0.27524038461538464 0.08293269230769229 0.07331730769230771
7 0.7764423076923077 0.30528846153846156 0.07451923076923084 0.078125
7 0.3004807692307693 0.31971153846153844 0.06730769230769229 0.07932692307692307
4 0.5877403846153846 0.33653846153846156 0.08413461538461531 0.08894230769230771
5 0.4002403846153846 0.4807692307692307 0.11899038461538458 0.28004807692307687
5 0.2980769230769232 0.5300480769230769 0.10576923076923073 0.25360576923076916
5 0.6081730769230769 0.5540865384615384 0.15264423076923084 0.31370192307692313
3 0.8016826923076923 0.5661057692307693 0.19350961538461542 0.6322115384615385
3 0.4170673076923077 0.5889423076923077 0.13100961538461542 0.7151442307692308
3 0.2860576923076923 0.6081730769230769 0.14423076923076916 0.6658653846153846
3 0.6033653846153846 0.6237980769230769 0.20432692307692302 0.6754807692307692
