1 0.31490384615384615 0.6153846153846154 0.08653846153846145 0.15024038461538458
1 0.34495192307692313 0.7896634615384616 0.07451923076923084 0.12379807692307687
7 0.3473557692307692 0.4002403846153847 0.22596153846153844 0.25120192307692313
1 0.3581730769230769 0.15384615384615385 0.10576923076923073 0.21995192307692313
1 0.48677884615384615 0.42788461538461536 0.07692307692307687 0.1622596153846153
3 0.5180288461538461 0.15384615384615385 0.9483173076923077 0.2920673076923077
3 0.5300480769230769 0.5961538461538461 0.9254807692307692 0.21754807692307687
3 0.5564903846153846 0.8185096153846154 0.8485576923076923 0.2548076923076923
3 0.6081730769230769 0.3942307692307692 0.7776442307692308 0.2716346153846153
6 0.1923076923076923 0.6105769230769231 0.21274038461538458 0.21274038461538458
7 0.23798076923076922 0.7872596153846154 0.17548076923076927 0.19471153846153844
