6 0.6935096153846154 0.733173076923077 0.09735576923076916 0.11418269230769229
6 0.8317307692307692 0.6598557692307692 0.055288461538461564 0.06129807692307698
6 0.5841346153846153 0.7103365384615384 0.07932692307692313 0.09254807692307687
6 0.48557692307692313 0.640625 0.04086538461538458 0.04086538461538458
6 0.3557692307692307 0.6418269230769231 0.03725961538461542 0.03245192307692302
6 0.3064903846153846 0.6213942307692308 0.03245192307692313 0.05649038461538469
6 0.32932692307692313 0.6201923076923077 0.02163461538461542 0.05048076923076916
6 0.6286057692307692 0.6334134615384616 0.03125 0.03605769230769229
5 0.7331730769230769 0.4783653846153846 0.1935096153846153 0.3076923076923077
5 0.8701923076923077 0.5697115384615383 0.06850961538461542 0.12860576923076927
5 0.8185096153846154 0.5180288461538461 0.06971153846153844 0.21754807692307687
5 0.4735576923076923 0.5480769230769231 0.05288461538461542 0.12139423076923073
5 0.3497596153846154 0.5588942307692308 0.0625 0.11538461538461542
5 0.2956730769230769 0.5564903846153846 0.06370192307692302 0.11298076923076927
5 0.5204326923076923 0.5865384615384616 0.05048076923076916 0.08413461538461542
3 0.8713942307692307 0.4951923076923077 0.07331730769230771 0.359375
3 0.8197115384615385 0.4627403846153846 0.10336538461538469 0.4735576923076923
3 0.734375 0.39783653846153844 0.19951923076923084 0.7824519230769231
3 0.5721153846153846 0.3846153846153846 0.17548076923076927 0.765625
3 0.4723557692307693 0.49879807692307687 0.07692307692307687 0.32451923076923084
3 0.5204326923076923 0.6021634615384616 0.06610576923076916 0.1454326923076923
3 0.3557692307692307 0.4951923076923077 0.06370192307692313 0.35576923076923084
3 0.2932692307692307 0.5036057692307693 0.08293269230769229 0.3076923076923077
