4 0.27524038461538464 0.7764423076923077 0.078125 0.12139423076923084
4 0.44591346153846156 0.7788461538461539 0.07331730769230771 0.09254807692307687
4 0.3425480769230769 0.7716346153846154 0.04206730769230771 0.08774038461538458
4 0.5204326923076923 0.8269230769230769 0.0625 0.07692307692307698
4 0.5877403846153846 0.7800480769230769 0.05168269230769229 0.08413461538461531
4 0.22596153846153844 0.7584134615384616 0.024038461538461536 0.04206730769230771
4 0.1466346153846154 0.7764423076923077 0.016826923076923073 0.02524038461538458
4 0.11899038461538461 0.7668269230769231 0.02403846153846155 0.03125
4 0.014423076923076924 0.7524038461538461 0.02043269230769231 0.02644230769230771
6 0.07692307692307693 0.7572115384615385 0.025240384615384623 0.034855769230769273
6 0.18389423076923078 0.7716346153846154 0.06730769230769229 0.07692307692307698
6 0.6418269230769231 0.8088942307692308 0.06850961538461542 0.10336538461538469
6 0.7199519230769231 0.7680288461538461 0.09254807692307698 0.11418269230769229
3 0.26442307692307687 0.43990384615384615 0.13100961538461536 0.8016826923076923
3 0.451923076923077 0.4435096153846154 0.15024038461538464 0.7692307692307692
3 0.5396634615384616 0.4939903846153846 0.1322115384615385 0.7427884615384617
3 0.6394230769230769 0.46995192307692313 0.10576923076923073 0.7716346153846154
3 0.7439903846153846 0.4182692307692307 0.1875 0.8052884615384615
3 0.17307692307692307 0.48197115384615385 0.09375 0.6574519230769231
3 0.08413461538461539 0.6730769230769231 0.050480769230769225 0.2295673076923076
3 0.3377403846153846 0.734375 0.05048076923076922 0.140625
3 0.02403846153846154 0.6646634615384616 0.040865384615384616 0.2235576923076923
3 0.05528846153846153 0.6730769230769231 0.03725961538461538 0.20673076923076927
