5 0.05889423076923078 0.24278846153846162 0.09735576923076927 0.12139423076923073
5 0.31971153846153844 0.18629807692307687 0.08653846153846145 0.11899038461538458
5 0.5829326923076923 0.4278846153846154 0.06850961538461542 0.14423076923076916
7 0.13221153846153844 0.2536057692307692 0.03605769230769229 0.08173076923076927
7 0.17788461538461542 0.45432692307692313 0.05649038461538458 0.04567307692307687
7 0.5877403846153846 0.5372596153846153 0.05168269230769229 0.05168269230769229
7 0.3870192307692308 0.8401442307692307 0.03725961538461531 0.05168269230769229
3 0.37620192307692313 0.7283653846153846 0.10336538461538458 0.311298076923077
3 0.18629807692307693 0.27163461538461536 0.12620192307692302 0.405048076923077
3 0.07932692307692307 0.20552884615384615 0.15264423076923073 0.28245192307692313
3 0.3425480769230769 0.18389423076923067 0.13942307692307698 0.23798076923076927
3 0.5877403846153846 0.3918269230769232 0.13221153846153844 0.376201923076923
