7 0.37379807692307687 0.23317307692307693 0.030048076923076872 0.027644230769230754
7 0.3942307692307692 0.29927884615384615 0.034855769230769273 0.03245192307692307
7 0.36778846153846156 0.32451923076923084 0.030048076923076872 0.025240384615384637
7 0.41346153846153844 0.38221153846153844 0.03725961538461542 0.030048076923076927
7 0.3966346153846154 0.45192307692307687 0.04086538461538458 0.03485576923076922
7 0.36899038461538464 0.5192307692307694 0.027644230769230727 0.024038461538461564
7 0.37379807692307687 0.5841346153846154 0.03125 0.02644230769230771
7 0.3786057692307693 0.6286057692307693 0.030048076923076872 0.02644230769230771
7 0.3786057692307693 0.6899038461538461 0.03245192307692313 0.030048076923076872
7 0.4050480769230769 0.765625 0.043269230769230727 0.034855769230769273
7 0.3918269230769231 0.8978365384615383 0.034855769230769273 0.038461538461538436
3 0.2776442307692307 0.9002403846153846 0.2704326923076923 0.07692307692307698
3 0.28125 0.7632211538461539 0.296875 0.09254807692307687
3 0.2716346153846154 0.6983173076923077 0.2548076923076923 0.06610576923076927
3 0.2752403846153846 0.6322115384615384 0.2451923076923077 0.06129807692307687
3 0.27403846153846156 0.5865384615384617 0.25120192307692313 0.08173076923076927
3 0.2728365384615384 0.5216346153846154 0.24278846153846156 0.05889423076923078
3 0.2752403846153845 0.4495192307692308 0.28846153846153844 0.06730769230769229
3 0.27884615384615385 0.3762019230769231 0.31129807692307687 0.08894230769230771
3 0.26923076923076933 0.326923076923077 0.23076923076923073 0.04086538461538464
3 0.2704326923076923 0.28846153846153844 0.2872596153846154 0.05769230769230771
3 0.2716346153846154 0.22475961538461542 0.26201923076923084 0.07812500000000003
