7 0.39302884615384615 0.7752403846153846 0.07331730769230771 0.08293269230769229
7 0.4471153846153846 0.7740384615384616 0.05288461538461542 0.07211538461538458
7 0.5492788461538461 0.6947115384615384 0.06129807692307687 0.06370192307692313
7 0.5384615384615384 0.7536057692307692 0.04807692307692313 0.04807692307692302
7 0.65625 0.7103365384615384 0.046875 0.04807692307692313
7 0.6778846153846154 0.7283653846153846 0.034855769230769273 0.06370192307692302
7 0.5588942307692307 0.46033653846153844 0.05649038461538458 0.07932692307692313
7 0.6478365384615384 0.4807692307692308 0.06370192307692313 0.06610576923076927
6 0.7644230769230769 0.4807692307692307 0.06610576923076927 0.06370192307692313
6 0.8088942307692308 0.7223557692307693 0.06610576923076927 0.05168269230769229
6 0.8978365384615384 0.6826923076923077 0.06370192307692313 0.07211538461538458
6 0.7451923076923077 0.7247596153846154 0.050480769230769273 0.0625
6 0.7427884615384616 0.7247596153846154 0.046875 0.06370192307692302
6 0.5036057692307693 0.7512019230769231 0.030048076923076872 0.05649038461538458
6 0.4807692307692307 0.7932692307692308 0.03605769230769229 0.043269230769230727
5 0.38100961538461536 0.5552884615384616 0.1466346153846153 0.27403846153846145
5 0.4735576923076923 0.5384615384615384 0.04086538461538458 0.19711538461538458
5 0.5456730769230769 0.5492788461538461 0.09254807692307698 0.17067307692307687
5 0.6526442307692308 0.5504807692307692 0.09735576923076927 0.19711538461538458
5 0.7980769230769231 0.5396634615384616 0.11538461538461542 0.2139423076923077
5 0.8990384615384616 0.4903846153846154 0.12620192307692313 0.2391826923076923
5 0.46634615384615385 0.20432692307692313 0.17067307692307687 0.3076923076923077
5 0.7848557692307693 0.3028846153846154 0.140625 0.2608173076923077
5 0.6550480769230769 0.3028846153846154 0.109375 0.21274038461538458
3 0.376201923076923 0.42307692307692313 0.1670673076923077 0.7884615384615383
3 0.44591346153846156 0.6069711538461539 0.06730769230769229 0.4170673076923077
3 0.47596153846153844 0.7355769230769231 0.03125 0.15504807692307698
3 0.5072115384615384 0.7223557692307693 0.04086538461538458 0.11418269230769229
3 0.5408653846153846 0.7439903846153846 0.05168269230769229 0.07692307692307698
3 0.5432692307692307 0.592548076923077 0.09855769230769229 0.2548076923076923
3 0.6598557692307693 0.5961538461538461 0.11057692307692313 0.28004807692307687
3 0.7331730769230769 0.6177884615384616 0.09014423076923073 0.28004807692307687
3 0.796875 0.5817307692307693 0.12139423076923073 0.3389423076923077
3 0.8894230769230769 0.3846153846153846 0.11057692307692302 0.6550480769230769
3 0.6586538461538461 0.2932692307692307 0.10456730769230771 0.44471153846153855
3 0.564903846153846 0.33653846153846156 0.10096153846153844 0.38221153846153855
3 0.7740384615384616 0.28725961538461536 0.15745192307692313 0.467548076923077
3 0.49278846153846156 0.24639423076923078 0.21754807692307687 0.4807692307692307
