6 0.4567307692307693 0.27163461538461536 0.03725961538461542 0.038461538461538436
6 0.4591346153846154 0.33052884615384615 0.03605769230769229 0.04206730769230771
6 0.453125 0.4098557692307692 0.03725961538461542 0.038461538461538436
6 0.43028846153846156 0.4543269230769231 0.02644230769230771 0.03125
6 0.4314903846153846 0.4879807692307693 0.03725961538461542 0.04086538461538464
6 0.4519230769230768 0.4939903846153847 0.034855769230769273 0.030048076923076927
6 0.4555288461538462 0.5709134615384616 0.038461538461538436 0.03245192307692313
0 0.45552884615384615 0.6490384615384616 0.03605769230769229 0.03725961538461542
5 0.37139423076923067 0.2668269230769231 0.11298076923076927 0.05288461538461539
5 0.36778846153846156 0.3221153846153847 0.11899038461538458 0.06129807692307693
5 0.359375 0.39783653846153844 0.125 0.06730769230769229
5 0.3485576923076923 0.4423076923076923 0.11899038461538458 0.027644230769230782
5 0.32572115384615385 0.47716346153846156 0.14182692307692313 0.07331730769230771
5 0.38341346153846156 0.5625 0.11418269230769229 0.058894230769230727
5 0.3689903846153846 0.6610576923076923 0.12860576923076916 0.08413461538461542
3 0.3305288461538461 0.2608173076923077 0.30528846153846156 0.058894230769230754
3 0.32572115384615385 0.3245192307692307 0.31129807692307687 0.06850961538461536
3 0.30528846153846156 0.39903846153846156 0.3329326923076923 0.07692307692307693
3 0.31971153846153844 0.453125 0.26682692307692313 0.05288461538461536
3 0.2776442307692308 0.4939903846153847 0.3245192307692307 0.08293269230769235
3 0.3497596153846154 0.5012019230769231 0.2451923076923077 0.05288461538461542
3 0.3245192307692308 0.5685096153846154 0.3028846153846153 0.07331730769230771
3 0.3197115384615385 0.6802884615384615 0.3088942307692307 0.12139423076923073
