6 0.2644230769230769 0.9675480769230769 0.07331730769230771 0.05288461538461531
6 0.32211538461538464 0.8846153846153846 0.08653846153846156 0.05288461538461542
6 0.23677884615384615 0.796875 0.0949519230769231 0.05649038461538458
6 0.30528846153846156 0.7211538461538461 0.09014423076923078 0.05528846153846145
6 0.21754807692307693 0.6526442307692307 0.08293269230769229 0.05769230769230771
6 0.23557692307692307 0.5588942307692308 0.078125 0.05649038461538469
6 0.23918269230769232 0.48557692307692313 0.08413461538461536 0.046875
6 0.27403846153846156 0.4002403846153846 0.078125 0.05769230769230771
6 0.2235576923076923 0.3004807692307692 0.07812499999999997 0.055288461538461564
6 0.14903846153846154 0.22475961538461542 0.09495192307692307 0.0625
6 0.18389423076923078 0.17067307692307687 0.08774038461538461 0.046875
6 0.2139423076923077 0.1322115384615385 0.08413461538461542 0.058894230769230727
6 0.19110576923076922 0.058894230769230727 0.11298076923076925 0.08413461538461542
5 0.5228365384615384 0.8737980769230769 0.26442307692307687 0.08774038461538469
5 0.4615384615384616 0.7956730769230769 0.3004807692307693 0.10096153846153844
5 0.5036057692307693 0.7247596153846154 0.2572115384615385 0.07932692307692302
5 0.4483173076923077 0.6490384615384615 0.2716346153846154 0.10576923076923073
5 0.45673076923076916 0.5540865384615384 0.31249999999999994 0.09495192307692313
5 0.4495192307692308 0.47836538461538464 0.2848557692307693 0.08653846153846156
5 0.47115384615384615 0.39302884615384615 0.2740384615384615 0.09254807692307687
5 0.4591346153846154 0.29807692307692313 0.3028846153846154 0.09375
5 0.4074519230769231 0.21274038461538464 0.31971153846153844 0.10096153846153844
5 0.48798076923076916 0.1358173076923077 0.34374999999999994 0.07211538461538458
5 0.4855769230769231 0.057692307692307654 0.376201923076923 0.11298076923076927
3 0.6105769230769231 0.9567307692307692 0.7644230769230769 0.08173076923076927
3 0.6286057692307693 0.8713942307692308 0.6971153846153846 0.11057692307692302
3 0.5853365384615384 0.7824519230769231 0.7764423076923077 0.12860576923076927
3 0.6117788461538461 0.7175480769230769 0.7235576923076923 0.09254807692307698
3 0.5817307692307693 0.6526442307692308 0.8112980769230769 0.10576923076923073
3 0.5865384615384616 0.561298076923077 0.7824519230769231 0.09254807692307687
3 0.5745192307692307 0.47716346153846156 0.7800480769230769 0.11778846153846145
3 0.6105769230769231 0.3870192307692307 0.7512019230769231 0.11057692307692313
3 0.5805288461538461 0.28846153846153844 0.8052884615384615 0.125
3 0.5432692307692307 0.20913461538461542 0.8846153846153846 0.125
3 0.5588942307692307 0.13221153846153844 0.8028846153846154 0.09975961538461542
3 0.5336538461538461 0.058894230769230727 0.8449519230769231 0.11538461538461542
