2 0.4651442307692308 0.22596153846153844 0.07451923076923073 0.12019230769230768
2 0.078125 0.22836538461538458 0.06610576923076916 0.12019230769230768
2 0.26442307692307687 0.23317307692307696 0.05649038461538458 0.11899038461538464
2 0.8173076923076923 0.234375 0.05288461538461542 0.09375
2 0.6141826923076923 0.24278846153846156 0.07451923076923073 0.14062500000000003
2 0.390625 0.24639423076923078 0.07451923076923084 0.13701923076923075
2 0.9831730769230769 0.2644230769230769 0.030048076923076872 0.09014423076923075
2 0.6730769230769231 0.265625 0.04206730769230771 0.08173076923076925
2 0.8822115384615383 0.26802884615384615 0.06971153846153844 0.1418269230769231
2 0.21153846153846156 0.27283653846153844 0.06730769230769229 0.1298076923076923
2 0.7295673076923077 0.31971153846153844 0.06850961538461542 0.11899038461538458
3 0.9603365384615384 0.4579326923076923 0.07692307692307687 0.49639423076923084
3 0.8016826923076923 0.46274038461538464 0.10336538461538458 0.5661057692307693
3 0.08413461538461536 0.5036057692307693 0.15504807692307698 0.6670673076923077
3 0.49038461538461536 0.53125 0.12620192307692302 0.703125
3 0.7415865384615384 0.5637019230769231 0.11418269230769229 0.6201923076923077
3 0.21514423076923073 0.5721153846153846 0.1670673076923077 0.7403846153846154
3 0.6370192307692307 0.5721153846153846 0.20192307692307687 0.7956730769230769
3 0.38822115384615385 0.5721153846153846 0.19471153846153855 0.7824519230769231
3 0.8930288461538461 0.5877403846153846 0.18870192307692313 0.7427884615384617
