7 0.5757211538461539 0.22956730769230768 0.14182692307692313 0.19951923076923078
6 0.4254807692307693 0.24519230769230768 0.171875 0.19951923076923078
1 0.5853365384615384 0.31971153846153844 0.13942307692307687 0.07451923076923078
1 0.4338942307692307 0.33173076923076916 0.11418269230769229 0.07692307692307693
3 0.7932692307692308 0.49879807692307687 0.391826923076923 0.984375
3 0.4122596153846154 0.5528846153846154 0.21274038461538458 0.8641826923076923
3 0.5733173076923077 0.5564903846153846 0.18389423076923084 0.8822115384615383
5 0.8076923076923077 0.6466346153846154 0.37139423076923084 0.703125
5 0.4567307692307693 0.7091346153846154 0.20192307692307687 0.5793269230769231
1 0.7043269230769231 0.14302884615384615 0.1670673076923076 0.07692307692307693
