3 0.5709134615384616 0.2536057692307693 0.3233173076923077 0.11418269230769229
3 0.5564903846153846 0.4435096153846154 0.16826923076923084 0.10576923076923084
3 0.49879807692307687 0.6814903846153846 0.2752403846153846 0.10096153846153844
3 0.4747596153846153 0.8028846153846154 0.2860576923076923 0.10096153846153844
3 0.45913461538461536 0.8557692307692308 0.2235576923076924 0.06610576923076927
0 0.4447115384615385 0.24879807692307693 0.058894230769230727 0.058894230769230727
0 0.49879807692307687 0.4807692307692308 0.046875 0.034855769230769273
4 0.3990384615384616 0.6586538461538461 0.058894230769230727 0.04206730769230771
4 0.35216346153846156 0.8052884615384616 0.04206730769230771 0.030048076923076872
4 0.39423076923076916 0.8485576923076923 0.046875 0.02524038461538458
