2 0.9447115384615384 0.7379807692307692 0.09855769230769229 0.1875
2 0.5120192307692307 0.7139423076923077 0.08653846153846151 0.140625
2 0.7716346153846154 0.6983173076923077 0.0625 0.10336538461538458
2 0.09375 0.6838942307692308 0.1033653846153846 0.15625
2 0.5925480769230769 0.6466346153846154 0.03725961538461542 0.07451923076923073
2 0.640625 0.6442307692307692 0.046875 0.08774038461538458
3 0.6490384615384615 0.44591346153846156 0.09014423076923073 0.48317307692307687
3 0.9158653846153846 0.4182692307692307 0.16346153846153844 0.8329326923076923
3 0.7740384615384616 0.40865384615384615 0.16225961538461542 0.6947115384615385
3 0.48197115384615385 0.40384615384615385 0.2572115384615385 0.7884615384615385
3 0.11899038461538461 0.3858173076923077 0.20913461538461536 0.7596153846153846
