1 0.6526442307692308 0.8137019230769231 0.08173076923076916 0.043269230769230727
1 0.28125000000000006 0.8137019230769231 0.07451923076923073 0.043269230769230727
1 0.44110576923076933 0.796875 0.07451923076923073 0.04086538461538458
3 0.6634615384615383 0.5612980769230769 0.15985576923076927 0.8677884615384616
3 0.22235576923076927 0.5552884615384616 0.25 0.8629807692307694
3 0.8545673076923077 0.548076923076923 0.28485576923076916 0.8798076923076923
3 0.43870192307692313 0.5372596153846154 0.234375 0.796875
5 0.4302884615384615 0.48317307692307687 0.19110576923076927 0.5
5 0.6730769230769231 0.4471153846153846 0.19110576923076927 0.6189903846153846
5 0.20913461538461542 0.41346153846153844 0.24399038461538458 0.5793269230769231
5 0.8533653846153846 0.3810096153846154 0.2860576923076923 0.5432692307692308
6 0.8425480769230769 0.9026442307692308 0.2872596153846153 0.18028846153846156
6 0.6622596153846154 0.8990384615384615 0.13701923076923073 0.14423076923076927
6 0.23798076923076927 0.8737980769230769 0.19350961538461542 0.203125
6 0.43629807692307687 0.8473557692307692 0.12860576923076916 0.12860576923076927
