3 0.3028846153846154 0.22235576923076925 0.3028846153846154 0.19230769230769235
3 0.3028846153846155 0.4591346153846154 0.407451923076923 0.21514423076923084
3 0.3185096153846154 0.7644230769230769 0.3341346153846154 0.19951923076923084
3 0.30288461538461536 0.17788461538461542 0.280048076923077 0.08653846153846154
4 0.4278846153846154 0.25961538461538464 0.05649038461538458 0.11418269230769229
4 0.42187499999999994 0.19350961538461542 0.034855769230769273 0.05168269230769232
4 0.46995192307692313 0.7463942307692307 0.046875 0.06730769230769229
7 0.48317307692307687 0.44350961538461536 0.03605769230769229 0.08293269230769229
6 0.43629807692307687 0.6983173076923077 0.03725961538461542 0.0625
3 0.32211538461538464 0.6983173076923077 0.266826923076923 0.06610576923076927
