7 0.8221153846153846 0.5372596153846154 0.06370192307692302 0.08413461538461542
7 0.6286057692307692 0.7668269230769231 0.08173076923076927 0.06610576923076927
7 0.38221153846153844 0.4110576923076923 0.02524038461538458 0.046875
4 0.4026442307692307 0.6057692307692307 0.0625 0.08774038461538458
4 0.39182692307692313 0.4855769230769231 0.06129807692307687 0.06971153846153844
7 0.4963942307692307 0.37259615384615385 0.02644230769230771 0.03846153846153855
3 0.8822115384615385 0.7247596153846154 0.22235576923076927 0.4615384615384617
3 0.6394230769230769 0.8641826923076923 0.1875 0.265625
3 0.3365384615384616 0.7560096153846154 0.21514423076923073 0.405048076923077
3 0.33533653846153844 0.546875 0.1826923076923077 0.19350961538461542
3 0.34615384615384615 0.4435096153846154 0.1358173076923077 0.11899038461538458
3 0.4158653846153845 0.3786057692307692 0.055288461538461564 0.10096153846153844
3 0.515625 0.4050480769230769 0.07451923076923084 0.11899038461538469
