2 0.37139423076923084 0.7680288461538461 0.15264423076923078 0.09254807692307687
2 0.407451923076923 0.703125 0.11298076923076922 0.07451923076923084
2 0.44591346153846156 0.19951923076923078 0.23557692307692313 0.10096153846153844
2 0.4471153846153846 0.37259615384615385 0.21394230769230765 0.12620192307692313
2 0.4591346153846153 0.10817307692307687 0.35456730769230765 0.2139423076923077
2 0.4615384615384616 0.8774038461538461 0.2848557692307693 0.1826923076923077
3 0.6069711538461539 0.7403846153846154 0.6514423076923077 0.20913461538461542
3 0.6322115384615384 0.13221153846153844 0.7331730769230769 0.2608173076923077
3 0.6610576923076923 0.8822115384615384 0.6754807692307692 0.23317307692307687
3 0.6694711538461539 0.4170673076923077 0.6574519230769231 0.2560096153846154
