2 0.17548076923076922 0.23557692307692307 0.14423076923076922 0.25
2 0.7151442307692306 0.3377403846153847 0.07451923076923073 0.15264423076923078
2 0.6189903846153846 0.3425480769230769 0.08653846153846156 0.18629807692307696
2 0.5625 0.35096153846153844 0.043269230769230727 0.11057692307692307
2 0.8329326923076923 0.36778846153846156 0.05288461538461542 0.11057692307692307
2 0.44350961538461536 0.36899038461538464 0.055288461538461564 0.11418269230769229
2 0.358173076923077 0.37620192307692313 0.07451923076923078 0.16586538461538464
3 0.17307692307692307 0.5384615384615384 0.3076923076923077 0.875
3 0.6490384615384615 0.6201923076923077 0.21514423076923073 0.734375
3 0.8305288461538461 0.6370192307692307 0.15504807692307687 0.6514423076923077
3 0.467548076923077 0.6418269230769231 0.15024038461538464 0.6550480769230769
3 0.36057692307692313 0.6454326923076923 0.19711538461538464 0.7067307692307692
