3 0.6574519230769231 0.4002403846153846 0.13701923076923073 0.7920673076923077
3 0.49399038461538464 0.4278846153846154 0.20432692307692302 0.7800480769230769
3 0.33293269230769235 0.43629807692307687 0.10576923076923073 0.5516826923076923
3 0.4387019230769231 0.5024038461538461 0.07692307692307698 0.46754807692307687
3 0.2908653846153846 0.5036057692307693 0.07211538461538458 0.4170673076923077
3 0.21995192307692318 0.5072115384615385 0.07451923076923073 0.4278846153846153
3 0.15625 0.47596153846153844 0.08413461538461542 0.47596153846153855
3 0.08533653846153849 0.5745192307692308 0.038461538461538436 0.16346153846153844
3 0.049278846153846145 0.5685096153846154 0.03605769230769229 0.16826923076923073
7 0.6490384615384616 0.7427884615384616 0.09375 0.10817307692307687
7 0.5108173076923077 0.7776442307692308 0.08173076923076916 0.08653846153846156
7 0.4495192307692307 0.7127403846153846 0.04807692307692313 0.05649038461538458
7 0.3581730769230768 0.673076923076923 0.06610576923076927 0.07932692307692313
7 0.2980769230769231 0.6862980769230769 0.050480769230769273 0.07211538461538458
7 0.21274038461538458 0.6911057692307692 0.05168269230769229 0.06370192307692302
7 0.1670673076923077 0.6814903846153846 0.0625 0.055288461538461564
