3 0.31129807692307687 0.405048076923077 0.6033653846153846 0.20432692307692313
3 0.39182692307692313 0.2692307692307692 0.5552884615384617 0.17307692307692302
3 0.7800480769230769 0.2620192307692308 0.14903846153846156 0.06370192307692302
3 0.7127403846153846 0.4411057692307692 0.11538461538461531 0.058894230769230727
3 0.75 0.4903846153846153 0.11538461538461542 0.05769230769230771
3 0.735576923076923 0.5865384615384616 0.09855769230769229 0.04206730769230771
3 0.7427884615384616 0.6394230769230769 0.09254807692307687 0.04807692307692313
3 0.798076923076923 0.43509615384615385 0.03605769230769229 0.03245192307692313
2 0.5516826923076923 0.36538461538461536 0.109375 0.06610576923076927
2 0.6081730769230769 0.2295673076923077 0.11298076923076927 0.0625
2 0.7596153846153846 0.5877403846153846 0.04567307692307698 0.02163461538461542
2 0.7716346153846154 0.6322115384615383 0.04086538461538458 0.027644230769230727
2 0.7512019230769231 0.4411057692307692 0.043269230769230727 0.024038461538461564
2 0.7896634615384616 0.47836538461538464 0.03605769230769229 0.024038461538461564
