3 0.4963942307692307 0.15264423076923073 0.9543269230769231 0.25120192307692313
3 0.5 0.7824519230769231 0.9627403846153846 0.3629807692307693
3 0.5408653846153846 0.5168269230769231 0.9122596153846154 0.326923076923077
3 0.5528846153846154 0.3028846153846154 0.8377403846153846 0.2596153846153846
5 0.6033653846153846 0.14182692307692313 0.6298076923076923 0.2548076923076923
5 0.6153846153846154 0.7620192307692307 0.625 0.3173076923076923
5 0.7127403846153846 0.27884615384615385 0.5528846153846154 0.1923076923076923
5 0.7247596153846154 0.5012019230769231 0.5480769230769231 0.375
6 0.09495192307692307 0.7307692307692308 0.14903846153846156 0.17067307692307698
6 0.10336538461538458 0.18028846153846162 0.14663461538461542 0.16346153846153844
0 0.20072115384615385 0.5216346153846154 0.18870192307692313 0.1826923076923076
6 0.24038461538461542 0.3269230769230768 0.16826923076923084 0.15504807692307698
