1 0.7247596153846154 0.2548076923076923 0.07932692307692302 0.04086538461538461
1 0.3317307692307693 0.26322115384615385 0.08293269230769229 0.0456730769230769
1 0.9098557692307692 0.26322115384615385 0.08413461538461531 0.05168269230769229
5 0.5216346153846154 0.4567307692307692 0.23076923076923073 0.423076923076923
5 0.14423076923076927 0.4579326923076923 0.1670673076923077 0.3810096153846154
5 0.7283653846153846 0.4963942307692307 0.19711538461538458 0.35817307692307687
3 0.5240384615384617 0.5252403846153846 0.3028846153846153 0.9314903846153846
5 0.2872596153846155 0.5252403846153846 0.20432692307692302 0.420673076923077
3 0.15384615384615385 0.5324519230769231 0.20432692307692313 0.8870192307692308
5 0.8737980769230769 0.5360576923076923 0.19110576923076927 0.4122596153846154
3 0.7319711538461539 0.5564903846153846 0.23317307692307687 0.8161057692307692
3 0.3028846153846154 0.5588942307692307 0.2451923076923077 0.8798076923076923
3 0.8810096153846154 0.5625 0.20913461538461542 0.8497596153846154
7 0.5324519230769231 0.11899038461538461 0.11298076923076927 0.10096153846153848
7 0.16346153846153844 0.15745192307692307 0.11418269230769229 0.0997596153846154
1 0.5396634615384616 0.16826923076923078 0.07692307692307687 0.04567307692307693
7 0.9074519230769231 0.203125 0.12860576923076927 0.11899038461538458
4 0.7307692307692308 0.20432692307692307 0.10817307692307698 0.09254807692307696
6 0.3137019230769232 0.20673076923076922 0.13221153846153844 0.10817307692307696
