1 0.31971153846153844 0.2512019230769231 0.09735576923076922 0.12019230769230771
6 0.7884615384615384 0.2512019230769231 0.24399038461538458 0.265625
6 0.4627403846153846 0.2800480769230769 0.20913461538461536 0.264423076923077
1 0.47475961538461536 0.41826923076923084 0.13221153846153844 0.08774038461538464
3 0.20432692307692307 0.5036057692307693 0.3942307692307693 0.9903846153846154
3 0.7896634615384616 0.5540865384615384 0.4170673076923077 0.8641826923076923
3 0.5012019230769231 0.5564903846153846 0.3389423076923077 0.8689903846153846
5 0.7884615384615384 0.7367788461538461 0.42067307692307687 0.5108173076923077
5 0.49759615384615385 0.78125 0.34254807692307687 0.40625
6 0.27403846153846156 0.13341346153846154 0.2608173076923077 0.2644230769230769
