3 0.4795673076923077 0.1826923076923077 0.9338942307692308 0.3497596153846154
3 0.5276442307692308 0.49759615384615385 0.890625 0.42067307692307687
3 0.578125 0.8233173076923077 0.7439903846153846 0.34735576923076916
5 0.4098557692307693 0.15504807692307687 0.5793269230769231 0.296875
5 0.49879807692307687 0.4579326923076923 0.5432692307692308 0.4002403846153846
5 0.4447115384615385 0.8341346153846154 0.4026442307692307 0.326923076923077
7 0.8629807692307692 0.20552884615384615 0.18028846153846156 0.2704326923076923
7 0.8365384615384616 0.8786057692307693 0.17307692307692313 0.2295673076923077
6 0.8810096153846154 0.48197115384615385 0.19711538461538458 0.23557692307692313
1 0.7379807692307692 0.26322115384615385 0.050480769230769273 0.08653846153846145
1 0.7884615384615384 0.4435096153846154 0.05288461538461542 0.15264423076923084
1 0.7451923076923077 0.8701923076923077 0.05048076923076916 0.15985576923076916
