7 0.3473557692307693 0.27524038461538464 0.07451923076923078 0.10096153846153844
7 0.43870192307692313 0.21153846153846154 0.07211538461538464 0.09014423076923078
7 0.5012019230769231 0.28725961538461536 0.06850961538461542 0.08894230769230771
7 0.5961538461538461 0.28125 0.08293269230769229 0.10336538461538458
7 0.6754807692307693 0.24639423076923078 0.06730769230769229 0.109375
7 0.8713942307692307 0.2764423076923077 0.06730769230769229 0.09375
5 0.33413461538461536 0.4591346153846154 0.14903846153846156 0.23076923076923084
5 0.4903846153846153 0.5012019230769231 0.16706730769230765 0.280048076923077
5 0.6262019230769231 0.4807692307692308 0.140625 0.25721153846153844
3 0.3293269230769231 0.5997596153846154 0.16346153846153844 0.7548076923076923
3 0.43028846153846156 0.3004807692307692 0.09735576923076922 0.280048076923077
3 0.4723557692307692 0.6177884615384616 0.13701923076923073 0.7391826923076923
3 0.6177884615384616 0.609375 0.15024038461538458 0.7620192307692308
3 0.6923076923076923 0.5865384615384616 0.13100961538461542 0.7776442307692306
3 0.8677884615384616 0.6045673076923077 0.15625 0.7692307692307692
3 0.0985576923076923 0.6995192307692307 0.1935096153846154 0.5637019230769231
3 0.9651442307692308 0.6033653846153846 0.06610576923076927 0.6454326923076923
3 0.24879807692307693 0.41586538461538464 0.055288461538461564 0.3245192307692307
