6 0.28966346153846156 0.33052884615384615 0.09254807692307687 0.06129807692307687
6 0.4591346153846154 0.6670673076923077 0.04206730769230771 0.02524038461538458
0 0.5060096153846153 0.6033653846153846 0.02043269230769229 0.014423076923076983
5 0.3076923076923077 0.7331730769230769 0.07211538461538458 0.038461538461538436
5 0.4098557692307693 0.6634615384615383 0.07692307692307687 0.04086538461538469
5 0.4495192307692307 0.6033653846153846 0.08413461538461542 0.03725961538461531
5 0.14783653846153838 0.31129807692307687 0.21153846153846156 0.09855769230769229
6 0.35817307692307687 0.733173076923077 0.02043269230769229 0.016826923076923128
3 0.31129807692307687 0.7259615384615384 0.11899038461538458 0.06730769230769229
3 0.37620192307692313 0.6646634615384616 0.19110576923076916 0.05528846153846145
3 0.40384615384615385 0.6033653846153846 0.23317307692307687 0.055288461538461564
3 0.1766826923076923 0.31009615384615385 0.32451923076923084 0.12379807692307687
