6 0.8557692307692308 0.8653846153846154 0.1766826923076924 0.1766826923076924
6 0.7151442307692308 0.7355769230769231 0.09014423076923073 0.10336538461538469
6 0.4783653846153845 0.8509615384615384 0.12379807692307698 0.11057692307692313
6 0.23798076923076927 0.7319711538461539 0.09254807692307687 0.10456730769230771
6 0.15504807692307687 0.8052884615384616 0.19951923076923084 0.1610576923076923
3 0.8341346153846154 0.48317307692307687 0.329326923076923 0.9423076923076923
3 0.6838942307692308 0.3954326923076923 0.1670673076923076 0.7872596153846154
3 0.4723557692307692 0.4591346153846154 0.2908653846153847 0.9158653846153846
3 0.2668269230769232 0.4122596153846154 0.18870192307692302 0.7908653846153846
3 0.12860576923076927 0.45192307692307687 0.2548076923076923 0.9014423076923077
