6 0.3894230769230769 0.10096153846153846 0.125 0.11418269230769229
6 0.37259615384615385 0.4158653846153847 0.12620192307692307 0.09014423076923078
6 0.3737980769230769 0.5552884615384616 0.11778846153846156 0.08774038461538458
6 0.328125 0.6262019230769231 0.08774038461538458 0.07451923076923073
6 0.28365384615384615 0.9122596153846154 0.10456730769230771 0.09254807692307698
3 0.6598557692307693 0.1346153846153846 0.6778846153846154 0.25600961538461536
3 0.6502403846153846 0.39903846153846156 0.6814903846153846 0.1875
3 0.6490384615384616 0.5637019230769231 0.6730769230769231 0.17307692307692302
3 0.6334134615384616 0.6490384615384616 0.7199519230769231 0.13100961538461542
3 0.6081730769230769 0.8762019230769231 0.7776442307692308 0.2391826923076923
