2 0.7235576923076923 0.7572115384615384 0.12139423076923073 0.2079326923076923
2 0.2620192307692308 0.7043269230769231 0.1298076923076924 0.2283653846153847
2 0.41466346153846156 0.6899038461538461 0.05769230769230771 0.14903846153846145
2 0.5625 0.6766826923076923 0.07451923076923073 0.15625
2 0.8942307692307693 0.6634615384615385 0.05769230769230771 0.09735576923076927
2 0.6141826923076923 0.6478365384615384 0.034855769230769273 0.08894230769230771
2 0.3701923076923077 0.6418269230769231 0.09735576923076916 0.21153846153846156
2 0.15985576923076922 0.6346153846153846 0.07932692307692302 0.1298076923076924
3 0.9026442307692307 0.5072115384615385 0.11418269230769229 0.4278846153846153
3 0.7487980769230769 0.4411057692307693 0.2908653846153846 0.8365384615384615
3 0.2560096153846154 0.40625 0.24399038461538458 0.7932692307692308
3 0.5637019230769231 0.39182692307692313 0.17067307692307698 0.7295673076923077
3 0.4122596153846153 0.38221153846153844 0.2139423076923077 0.7175480769230769
