3 0.3629807692307692 0.3473557692307693 0.18028846153846156 0.6658653846153846
3 0.4278846153846153 0.41346153846153844 0.13942307692307687 0.5973557692307694
3 0.6057692307692307 0.3954326923076923 0.12620192307692313 0.6466346153846154
3 0.7572115384615384 0.3689903846153846 0.15504807692307687 0.7043269230769231
5 0.3293269230769231 0.46153846153846156 0.11298076923076927 0.2391826923076923
5 0.405048076923077 0.5096153846153846 0.09855769230769229 0.22836538461538458
5 0.6213942307692307 0.5180288461538461 0.11057692307692313 0.1923076923076923
5 0.7692307692307694 0.4747596153846154 0.12860576923076927 0.2608173076923077
5 0.8653846153846154 0.38942307692307687 0.027644230769230727 0.05168269230769229
5 0.4579326923076923 0.28245192307692313 0.02524038461538458 0.05288461538461542
6 0.34495192307692313 0.6346153846153847 0.08774038461538458 0.08293269230769229
6 0.4098557692307692 0.670673076923077 0.08653846153846156 0.07331730769230771
6 0.6069711538461537 0.6802884615384616 0.06971153846153844 0.05769230769230771
6 0.7415865384615384 0.6634615384615383 0.09254807692307687 0.10576923076923073
3 0.8677884615384616 0.3677884615384616 0.05288461538461542 0.13221153846153844
3 0.4615384615384616 0.3088942307692307 0.043269230769230727 0.109375
3 0.8341346153846154 0.41947115384615385 0.03605769230769229 0.10817307692307687
