3 0.5516826923076923 0.3173076923076923 0.17548076923076916 0.3653846153846154
3 0.75 0.35096153846153844 0.17788461538461542 0.4014423076923077
3 0.6370192307692306 0.33413461538461536 0.10576923076923073 0.326923076923077
3 0.8774038461538461 0.4903846153846154 0.1983173076923077 0.6141826923076923
3 0.33533653846153844 0.4002403846153846 0.12019230769230771 0.6634615384615383
3 0.2295673076923077 0.43629807692307687 0.11298076923076916 0.6875
3 0.12379807692307693 0.501201923076923 0.11057692307692302 0.5300480769230769
5 0.05288461538461536 0.4951923076923077 0.10096153846153844 0.25
5 0.21514423076923073 0.548076923076923 0.12019230769230771 0.2391826923076923
5 0.3293269230769231 0.5036057692307692 0.11057692307692302 0.24639423076923084
5 0.890625 0.5949519230769231 0.09014423076923073 0.1971153846153847
7 0.11057692307692307 0.7091346153846154 0.07451923076923073 0.06971153846153844
7 0.1514423076923077 0.6887019230769231 0.046875 0.07692307692307698
6 0.2451923076923077 0.735576923076923 0.08173076923076916 0.09855769230769229
0 0.34375 0.6899038461538461 0.07211538461538458 0.07932692307692313
6 0.05528846153846151 0.6658653846153846 0.07451923076923073 0.07211538461538458
6 0.5949519230769231 0.4651442307692307 0.07692307692307698 0.08413461538461542
6 0.6947115384615383 0.5024038461538461 0.07451923076923073 0.07331730769230771
