7 0.16947115384615385 0.6466346153846154 0.055288461538461536 0.04807692307692302
7 0.3713942307692308 0.626201923076923 0.055288461538461564 0.05168269230769229
7 0.1346153846153846 0.5576923076923077 0.02403846153846155 0.046875
7 0.44711538461538464 0.6802884615384615 0.05769230769230771 0.05649038461538469
7 0.5649038461538461 0.6971153846153847 0.05168269230769229 0.04807692307692313
6 0.7079326923076923 0.7391826923076923 0.05649038461538458 0.05649038461538458
5 0.17067307692307693 0.5252403846153846 0.078125 0.1466346153846153
5 0.36538461538461536 0.5060096153846153 0.07331730769230771 0.15745192307692313
5 0.44471153846153844 0.5528846153846154 0.09735576923076922 0.16826923076923073
5 0.5612980769230769 0.5685096153846154 0.09855769230769229 0.16826923076923073
5 0.7175480769230769 0.5901442307692308 0.11778846153846156 0.19350961538461542
3 0.10336538461538461 0.4471153846153846 0.09375 0.28485576923076916
3 0.16826923076923078 0.49278846153846156 0.1033653846153846 0.375
3 0.25240384615384615 0.48677884615384615 0.10096153846153849 0.3954326923076923
3 0.36778846153846156 0.45432692307692313 0.09735576923076922 0.4110576923076923
3 0.44951923076923084 0.5024038461538461 0.12500000000000006 0.43870192307692313
3 0.5817307692307693 0.5036057692307692 0.16225961538461542 0.44951923076923084
3 0.7283653846153846 0.5252403846153847 0.1358173076923077 0.5048076923076923
