5 0.3966346153846155 0.2872596153846154 0.12139423076923073 0.06370192307692307
5 0.3810096153846154 0.5949519230769231 0.13701923076923084 0.07932692307692302
5 0.39903846153846156 0.6346153846153846 0.08413461538461542 0.027644230769230727
5 0.592548076923077 0.46634615384615385 0.06730769230769229 0.03846153846153849
5 0.40384615384615385 0.7512019230769231 0.10817307692307687 0.055288461538461564
5 0.3894230769230769 0.8786057692307693 0.09495192307692302 0.05288461538461542
5 0.4014423076923077 0.9290865384615384 0.15625 0.07331730769230771
3 0.32572115384615385 0.2932692307692308 0.32932692307692313 0.09375
3 0.6009615384615384 0.4567307692307692 0.09495192307692313 0.06730769230769229
3 0.3173076923076923 0.5949519230769231 0.3221153846153846 0.078125
3 0.3341346153846154 0.625 0.2560096153846154 0.046875
3 0.35216346153846156 0.7487980769230769 0.2920673076923077 0.08774038461538458
3 0.3509615384615385 0.8786057692307692 0.2560096153846153 0.07451923076923073
3 0.3341346153846154 0.9254807692307693 0.40985576923076916 0.09975961538461542
6 0.5144230769230769 0.9134615384615385 0.04567307692307698 0.050480769230769273
6 0.46033653846153844 0.8701923076923077 0.03605769230769229 0.03125
6 0.46875 0.7283653846153846 0.046875 0.03725961538461542
