5 0.6358173076923077 0.12740384615384615 0.3341346153846154 0.1670673076923077
5 0.5348557692307693 0.4747596153846153 0.25 0.13942307692307687
5 0.6045673076923077 0.5793269230769231 0.31610576923076916 0.1454326923076923
5 0.4939903846153847 0.6646634615384616 0.18149038461538464 0.09495192307692313
5 0.4795673076923077 0.7884615384615385 0.18389423076923084 0.08173076923076927
5 0.5552884615384616 0.8930288461538461 0.359375 0.18870192307692313
5 0.9326923076923077 0.13581730769230768 0.11538461538461542 0.2620192307692308
3 0.6730769230769231 0.14903846153846154 0.609375 0.24879807692307693
3 0.6298076923076923 0.46514423076923084 0.6153846153846154 0.12980769230769235
3 0.6574519230769231 0.5685096153846154 0.6598557692307692 0.12139423076923073
3 0.3954326923076923 0.5841346153846154 0.12860576923076922 0.078125
3 0.5697115384615385 0.6682692307692307 0.4723557692307693 0.109375
3 0.5733173076923077 0.7752403846153846 0.515625 0.11298076923076927
3 0.6189903846153846 0.875 0.7307692307692308 0.234375
2 0.4158653846153847 0.11057692307692307 0.08774038461538464 0.08293269230769229
2 0.40625 0.5769230769230769 0.06850961538461542 0.055288461538461564
