3 0.3846153846153846 0.18870192307692307 0.7620192307692308 0.234375
3 0.3545673076923077 0.42067307692307687 0.703125 0.26923076923076916
3 0.4002403846153846 0.5865384615384616 0.7920673076923077 0.171875
3 0.3557692307692307 0.6995192307692307 0.7067307692307694 0.2608173076923077
5 0.36177884615384615 0.1814903846153846 0.46153846153846145 0.20432692307692307
5 0.26923076923076933 0.421875 0.4903846153846153 0.25360576923076916
5 0.3341346153846154 0.7019230769230769 0.40264423076923084 0.25
6 0.6887019230769231 0.1778846153846154 0.13221153846153844 0.15985576923076922
6 0.6177884615384616 0.423076923076923 0.17788461538461542 0.15504807692307687
6 0.6394230769230769 0.7067307692307693 0.14903846153846156 0.14663461538461542
4 0.7403846153846153 0.5901442307692307 0.09855769230769229 0.11899038461538458
