5 0.3557692307692307 0.7115384615384616 0.08894230769230771 0.15024038461538458
5 0.5084134615384616 0.7067307692307693 0.09855769230769229 0.13461538461538458
5 0.2608173076923077 0.2620192307692308 0.05889423076923084 0.09014423076923073
5 0.45913461538461536 0.21875 0.055288461538461564 0.10336538461538458
5 0.7463942307692306 0.4098557692307693 0.07451923076923073 0.11057692307692313
6 0.28125 0.21514423076923078 0.05048076923076916 0.06610576923076927
6 0.4543269230769231 0.16346153846153844 0.050480769230769273 0.06971153846153855
6 0.7367788461538461 0.3870192307692307 0.06129807692307687 0.07692307692307687
4 0.3389423076923077 0.6045673076923077 0.046875 0.050480769230769273
4 0.5625 0.6322115384615383 0.04086538461538458 0.043269230769230727
3 0.35216346153846156 0.7247596153846154 0.13942307692307687 0.295673076923077
3 0.5300480769230769 0.7331730769230769 0.15024038461538458 0.282451923076923
3 0.7427884615384616 0.467548076923077 0.10817307692307687 0.2548076923076923
3 0.45552884615384615 0.266826923076923 0.11057692307692313 0.2548076923076923
3 0.26802884615384615 0.3137019230769231 0.11778846153846145 0.27403846153846156
