2 0.3846153846153847 0.3870192307692307 0.13461538461538464 0.08413461538461542
2 0.423076923076923 0.6346153846153846 0.13581730769230765 0.07932692307692302
2 0.4338942307692308 0.5492788461538461 0.08894230769230771 0.05769230769230771
2 0.43629807692307687 0.7884615384615385 0.11538461538461536 0.07211538461538469
2 0.4387019230769231 0.03725961538461542 0.08894230769230771 0.05769230769230771
2 0.44350961538461536 0.43990384615384615 0.078125 0.04807692307692313
3 0.5925480769230769 0.05288461538461542 0.42548076923076916 0.10336538461538458
3 0.6346153846153846 0.45192307692307687 0.5 0.08774038461538458
3 0.6418269230769231 0.5480769230769231 0.5348557692307692 0.1045673076923076
3 0.6622596153846154 0.3653846153846154 0.6454326923076923 0.15985576923076916
3 0.6682692307692307 0.65625 0.6598557692307694 0.16225961538461542
3 0.6838942307692307 0.7956730769230769 0.6286057692307694 0.15264423076923073
