1 0.4423076923076923 0.6838942307692308 0.10336538461538458 0.07211538461538469
7 0.17788461538461542 0.6682692307692308 0.21875000000000003 0.18028846153846156
7 0.8701923076923077 0.6610576923076923 0.22235576923076916 0.140625
7 0.6802884615384616 0.6322115384615384 0.18629807692307687 0.1514423076923077
1 0.8137019230769231 0.5901442307692307 0.07692307692307698 0.07932692307692313
1 0.23918269230769232 0.5805288461538461 0.05649038461538464 0.05168269230769229
1 0.6442307692307693 0.5432692307692307 0.10456730769230771 0.05769230769230771
3 0.42067307692307687 0.43629807692307687 0.31249999999999994 0.8689903846153846
3 0.18629807692307693 0.38942307692307687 0.3125 0.7692307692307692
3 0.8737980769230769 0.36778846153846156 0.25 0.7295673076923077
3 0.6634615384615384 0.36057692307692313 0.21995192307692313 0.71875
5 0.43028846153846156 0.296875 0.28125 0.5841346153846154
5 0.8713942307692307 0.2451923076923077 0.25120192307692313 0.45673076923076916
5 0.18629807692307693 0.23557692307692313 0.3125 0.4423076923076923
5 0.6778846153846154 0.22836538461538458 0.22475961538461542 0.4375
6 0.453125 0.7704326923076923 0.20673076923076916 0.17788461538461542
