4 0.6021634615384616 0.9098557692307692 0.04206730769230771 0.027644230769230727
3 0.7067307692307693 0.8990384615384615 0.24399038461538458 0.058894230769230727
3 0.6213942307692307 0.7884615384615384 0.2391826923076923 0.06730769230769229
3 0.5697115384615384 0.7283653846153846 0.2572115384615385 0.06370192307692302
3 0.438701923076923 0.6213942307692308 0.19831730769230765 0.08774038461538469
3 0.75 0.5769230769230769 0.19110576923076916 0.10576923076923084
3 0.33413461538461536 0.2692307692307693 0.19951923076923075 0.06730769230769229
3 0.4326923076923077 0.20552884615384615 0.22235576923076916 0.06730769230769229
3 0.7283653846153846 0.11298076923076927 0.2391826923076923 0.078125
3 0.8653846153846154 0.3653846153846155 0.1514423076923077 0.07932692307692302
2 0.46754807692307687 0.7283653846153846 0.03725961538461536 0.034855769230769273
2 0.6478365384615383 0.10937499999999994 0.038461538461538436 0.034855769230769273
2 0.25600961538461536 0.26442307692307687 0.027644230769230754 0.02524038461538458
