7 0.9242788461538461 0.7247596153846154 0.1358173076923077 0.1658653846153847
7 0.8701923076923077 0.22596153846153844 0.22475961538461542 0.31129807692307687
7 0.3737980769230769 0.7175480769230769 0.251201923076923 0.264423076923077
7 0.3629807692307693 0.13942307692307693 0.171875 0.23557692307692302
3 0.7524038461538461 0.7740384615384616 0.43629807692307687 0.4375
3 0.7403846153846154 0.23076923076923078 0.4747596153846153 0.4495192307692307
3 0.24879807692307687 0.7439903846153847 0.4939903846153846 0.4483173076923077
3 0.23076923076923067 0.2295673076923077 0.43028846153846156 0.40264423076923084
1 0.7752403846153846 0.26682692307692313 0.0889423076923076 0.19951923076923084
1 0.31129807692307687 0.18389423076923073 0.05168269230769229 0.09375
1 0.8617788461538461 0.7151442307692308 0.03605769230769229 0.043269230769230727
1 0.2668269230769232 0.7055288461538461 0.038461538461538436 0.05769230769230771
