1 0.6634615384615384 0.16947115384615385 0.10456730769230771 0.12379807692307693
1 0.6346153846153846 0.49399038461538464 0.08774038461538458 0.11298076923076927
5 0.29807692307692313 0.15264423076923078 0.4627403846153846 0.295673076923077
5 0.23798076923076927 0.5360576923076923 0.4639423076923077 0.34014423076923084
5 0.3076923076923077 0.8245192307692307 0.6057692307692308 0.34495192307692313
3 0.42908653846153844 0.19471153846153844 0.8389423076923077 0.3485576923076923
3 0.42067307692307687 0.5012019230769231 0.7860576923076923 0.34375
3 0.5 0.7752403846153846 0.9651442307692308 0.4471153846153846
2 0.7295673076923077 0.13341346153846154 0.23798076923076916 0.1947115384615385
2 0.6526442307692307 0.5084134615384616 0.2860576923076923 0.1514423076923077
2 0.7944711538461539 0.7007211538461539 0.3798076923076923 0.29567307692307687
