3 0.7932692307692308 0.4723557692307693 0.264423076923077 0.9158653846153846
3 0.610576923076923 0.4002403846153846 0.2391826923076923 0.78125
3 0.4495192307692308 0.5192307692307692 0.16826923076923073 0.5841346153846154
3 0.2872596153846154 0.41466346153846156 0.3125 0.8173076923076923
7 0.7487980769230769 0.8509615384615385 0.15024038461538458 0.14903846153846156
7 0.6045673076923077 0.7127403846153847 0.16586538461538458 0.1670673076923077
7 0.30889423076923067 0.75 0.15985576923076927 0.15264423076923084
6 0.43389423076923067 0.7403846153846154 0.11778846153846156 0.15625
5 0.7884615384615384 0.39903846153846156 0.25 0.5877403846153846
5 0.6129807692307693 0.26682692307692313 0.26442307692307687 0.5120192307692308
5 0.4495192307692307 0.3317307692307693 0.18629807692307687 0.5120192307692306
5 0.3016826923076923 0.2848557692307693 0.2908653846153846 0.5588942307692306
