3 0.27283653846153844 0.6526442307692307 0.48317307692307687 0.08894230769230771
3 0.3377403846153846 0.8545673076923077 0.6490384615384617 0.12139423076923073
3 0.5865384615384616 0.7403846153846154 0.41826923076923084 0.09254807692307698
3 0.5372596153846154 0.6213942307692308 0.4471153846153847 0.06610576923076927
5 0.3581730769230768 0.6418269230769231 0.18629807692307698 0.06610576923076927
5 0.6105769230769231 0.6201923076923077 0.16826923076923073 0.058894230769230727
5 0.6370192307692308 0.7379807692307693 0.18389423076923073 0.0625
5 0.4254807692307692 0.8533653846153846 0.2848557692307693 0.09375
7 0.7596153846153846 0.7379807692307693 0.05889423076923084 0.04086538461538458
7 0.4903846153846154 0.6370192307692306 0.0625 0.038461538461538436
