2 0.2223557692307692 0.22115384615384615 0.11538461538461536 0.2355769230769231
2 0.6322115384615384 0.25841346153846156 0.10456730769230771 0.1947115384615385
2 0.5396634615384616 0.2848557692307693 0.08894230769230771 0.16105769230769235
2 0.9411057692307693 0.296875 0.10336538461538458 0.18149038461538458
2 0.796875 0.3004807692307692 0.10336538461538458 0.1875
2 0.39663461538461536 0.328125 0.109375 0.2151442307692308
3 0.19471153846153846 0.4783653846153847 0.28725961538461536 0.7608173076923077
3 0.6658653846153846 0.4987980769230769 0.24278846153846156 0.6947115384615384
3 0.4362980769230769 0.5348557692307693 0.2620192307692307 0.6237980769230769
3 0.8257211538461539 0.5360576923076923 0.18870192307692313 0.6466346153846154
3 0.9362980769230769 0.5432692307692307 0.125 0.6706730769230769
