3 0.813701923076923 0.45552884615384615 0.3233173076923077 0.8677884615384615
3 0.8305288461538461 0.8317307692307692 0.15504807692307687 0.16346153846153844
3 0.4567307692307693 0.4795673076923077 0.3016826923076923 0.9495192307692308
3 0.36778846153846156 0.453125 0.1826923076923077 0.8713942307692308
3 0.16346153846153844 0.4879807692307693 0.2451923076923077 0.9471153846153846
6 0.875 0.8353365384615385 0.09375 0.11778846153846156
6 0.8149038461538461 0.8629807692307692 0.08894230769230771 0.08173076923076927
6 0.40865384615384615 0.8413461538461539 0.08894230769230771 0.08293269230769229
6 0.18149038461538458 0.9158653846153846 0.1358173076923077 0.109375
5 0.8112980769230769 0.6033653846153847 0.23317307692307698 0.3233173076923077
5 0.4939903846153846 0.6213942307692308 0.17548076923076916 0.3185096153846153
5 0.16586538461538453 0.6189903846153846 0.25721153846153844 0.38221153846153844
1 0.7944711538461539 0.8221153846153846 0.04206730769230771 0.02524038461538458
1 0.41826923076923067 0.7980769230769231 0.055288461538461564 0.03245192307692302
