4 0.7632211538461539 0.05889423076923077 0.06370192307692313 0.05168269230769231
7 0.438701923076923 0.14423076923076922 0.04807692307692307 0.046875
7 0.43389423076923084 0.7091346153846154 0.05889423076923078 0.04807692307692313
7 0.5649038461538461 0.8942307692307693 0.07331730769230771 0.04206730769230771
7 0.4627403846153846 0.9711538461538461 0.06850961538461536 0.04807692307692313
7 0.13701923076923078 0.21875 0.03725961538461538 0.027644230769230754
7 0.17788461538461536 0.2403846153846154 0.02644230769230768 0.021634615384615363
7 0.22596153846153844 0.11538461538461539 0.038461538461538464 0.03846153846153848
3 0.8317307692307693 0.04927884615384615 0.2235576923076923 0.0985576923076923
3 0.5612980769230769 0.16225961538461536 0.329326923076923 0.12019230769230768
3 0.21754807692307693 0.25721153846153844 0.13942307692307696 0.0625
3 0.5637019230769231 0.6923076923076923 0.3365384615384616 0.12139423076923073
3 0.6526442307692307 0.8293269230769231 0.24879807692307687 0.1670673076923077
3 0.5288461538461539 0.9471153846153846 0.2115384615384615 0.09495192307692302
3 0.22235576923076922 0.2608173076923077 0.13221153846153844 0.07211538461538458
3 0.20072115384615385 0.21875 0.1766826923076923 0.04086538461538461
3 0.296875 0.11298076923076922 0.1875 0.06730769230769229
