7 0.31490384615384615 0.7091346153846154 0.05528846153846151 0.06971153846153844
7 0.46634615384615385 0.6971153846153846 0.04567307692307693 0.050480769230769273
4 0.39903846153846156 0.7151442307692308 0.05048076923076922 0.05048076923076916
4 0.8341346153846154 0.7512019230769231 0.07451923076923073 0.09014423076923073
0 0.5372596153846154 0.6850961538461539 0.04206730769230771 0.04807692307692313
0 0.5877403846153846 0.6634615384615384 0.038461538461538436 0.04567307692307687
0 0.6514423076923077 0.6466346153846153 0.03725961538461542 0.04567307692307687
3 0.296875 0.5036057692307693 0.10336538461538458 0.4735576923076923
3 0.38942307692307687 0.5096153846153846 0.09254807692307693 0.46875
3 0.46153846153846156 0.5120192307692308 0.07211538461538458 0.4182692307692307
3 0.5264423076923077 0.516826923076923 0.06610576923076922 0.3858173076923077
3 0.5817307692307693 0.5036057692307693 0.05769230769230771 0.3701923076923077
3 0.6418269230769231 0.5084134615384616 0.07451923076923073 0.33653846153846145
3 0.8185096153846154 0.4375 0.15264423076923084 0.734375
