0 0.7716346153846154 0.6201923076923077 0.024038461538461564 0.03725961538461542
0 0.6754807692307692 0.483173076923077 0.02524038461538458 0.025240384615384637
0 0.6310096153846154 0.5084134615384616 0.02163461538461542 0.030048076923076872
0 0.5408653846153846 0.5372596153846154 0.024038461538461564 0.03725961538461542
0 0.5288461538461539 0.6730769230769231 0.03245192307692313 0.03605769230769229
0 0.2560096153846154 0.37740384615384615 0.02043269230769229 0.030048076923076927
0 0.22475961538461536 0.5600961538461539 0.024038461538461564 0.030048076923076872
0 0.19951923076923067 0.27163461538461536 0.024038461538461564 0.024038461538461564
0 0.15384615384615385 0.32932692307692313 0.02043269230769229 0.025240384615384637
0 0.32331730769230765 0.19711538461538458 0.019230769230769273 0.024038461538461536
0 0.3233173076923077 0.13942307692307693 0.02163461538461542 0.02043269230769232
0 0.5084134615384616 0.09735576923076923 0.016826923076923128 0.02163461538461539
0 0.3966346153846154 0.09254807692307693 0.016826923076923128 0.025240384615384623
6 0.37620192307692313 0.34975961538461536 0.03125 0.03605769230769229
3 0.7463942307692308 0.640625 0.09014423076923073 0.09014423076923073
3 0.6478365384615384 0.5540865384615384 0.06370192307692313 0.12620192307692313
3 0.6875 0.5252403846153846 0.05889423076923084 0.140625
3 0.5528846153846153 0.578125 0.07932692307692313 0.14663461538461542
3 0.5300480769230769 0.7584134615384616 0.06971153846153844 0.2079326923076923
3 0.6322115384615384 0.7620192307692306 0.07331730769230771 0.13221153846153844
3 0.23437499999999994 0.6418269230769231 0.06610576923076927 0.203125
3 0.19110576923076922 0.5252403846153846 0.055288461538461564 0.1670673076923077
3 0.2536057692307693 0.4435096153846154 0.05168269230769229 0.18750000000000006
3 0.37379807692307687 0.4278846153846154 0.04807692307692313 0.18750000000000006
3 0.4423076923076923 0.4230769230769231 0.05649038461538458 0.19471153846153844
3 0.11899038461538458 0.43870192307692313 0.046875 0.18750000000000006
3 0.022836538461538436 0.467548076923077 0.04206730769230771 0.17307692307692313
3 0.19591346153846156 0.3425480769230769 0.05168269230769229 0.18028846153846156
3 0.13341346153846156 0.3064903846153846 0.04206730769230771 0.09735576923076922
3 0.2596153846153846 0.2824519230769231 0.04807692307692313 0.12620192307692304
3 0.31490384615384615 0.25841346153846156 0.04807692307692313 0.1394230769230769
3 0.328125 0.19350961538461542 0.046875 0.1358173076923077
3 0.390625 0.12139423076923078 0.046875 0.10937500000000001
3 0.5084134615384616 0.11177884615384617 0.05168269230769229 0.07692307692307694
