5 0.44711538461538464 0.17067307692307693 0.046875 0.03725961538461531
5 0.6442307692307692 0.24759615384615385 0.038461538461538436 0.04206730769230771
5 0.5817307692307694 0.5841346153846154 0.08173076923076927 0.05168269230769229
5 0.6838942307692307 0.6141826923076923 0.06730769230769229 0.03725961538461542
5 0.7211538461538461 0.6574519230769231 0.07692307692307687 0.050480769230769273
5 0.6971153846153846 0.8353365384615385 0.08774038461538458 0.055288461538461564
6 0.6322115384615383 0.8329326923076923 0.038461538461538436 0.027644230769230727
6 0.6634615384615384 0.6622596153846154 0.03245192307692313 0.030048076923076872
6 0.5276442307692308 0.5997596153846154 0.034855769230769273 0.02644230769230771
3 0.4651442307692307 0.17307692307692307 0.16706730769230765 0.06370192307692302
3 0.6658653846153846 0.24639423076923073 0.18149038461538458 0.08894230769230771
3 0.6033653846153846 0.5889423076923077 0.19711538461538458 0.05649038461538458
3 0.7115384615384615 0.6129807692307693 0.19951923076923073 0.06129807692307687
3 0.7367788461538463 0.6634615384615384 0.18028846153846156 0.06850961538461542
3 0.7139423076923077 0.8377403846153846 0.19951923076923084 0.06730769230769229
3 0.5612980769230769 0.8629807692307694 0.1766826923076923 0.055288461538461564
2 0.6298076923076923 0.6262019230769231 0.02524038461538458 0.02644230769230771
