3 0.43990384615384615 0.7379807692307693 0.8425480769230769 0.5048076923076923
3 0.4206730769230768 0.4230769230769231 0.373798076923077 0.23557692307692302
3 0.4362980769230769 0.24399038461538458 0.21153846153846156 0.12860576923076916
3 0.4699519230769232 0.13942307692307687 0.11778846153846156 0.08774038461538458
3 0.4939903846153846 0.07211538461538464 0.09014423076923084 0.055288461538461564
3 0.5 0.04086538461538458 0.078125 0.05168269230769229
3 0.49879807692307687 0.2980769230769231 0.10576923076923084 0.038461538461538436
3 0.5072115384615384 0.26802884615384615 0.09375 0.030048076923076872
3 0.47716346153846156 0.5240384615384615 0.11778846153846145 0.050480769230769273
2 0.733173076923077 0.6201923076923077 0.2451923076923077 0.20913461538461542
2 0.5336538461538461 0.4014423076923077 0.15504807692307687 0.12139423076923084
2 0.5036057692307692 0.21754807692307693 0.07932692307692302 0.055288461538461564
2 0.5036057692307692 0.11778846153846156 0.06370192307692302 0.04567307692307687
2 0.5216346153846154 0.28966346153846156 0.05649038461538469 0.030048076923076872
