5 0.47836538461538464 0.9290865384615384 0.23317307692307698 0.14182692307692313
5 0.4807692307692308 0.5985576923076923 0.2848557692307693 0.17788461538461542
5 0.2439903846153846 0.1959134615384615 0.3004807692307692 0.27403846153846156
5 0.5072115384615385 0.40384615384615385 0.14423076923076927 0.10456730769230771
4 0.3629807692307692 0.8605769230769231 0.078125 0.0625
4 0.27283653846153844 0.4807692307692307 0.1394230769230769 0.11778846153846145
3 0.53125 0.9146634615384616 0.4158653846153846 0.17067307692307687
3 0.6754807692307693 0.6971153846153846 0.1983173076923077 0.1298076923076924
3 0.5 0.5600961538461539 0.5721153846153846 0.2704326923076923
3 0.5408653846153846 0.40384615384615385 0.451923076923077 0.1514423076923077
3 0.3810096153846154 0.20192307692307687 0.6153846153846154 0.4002403846153846
