5 0.6658653846153846 0.35216346153846156 0.078125 0.18870192307692307
5 0.5985576923076923 0.38341346153846156 0.08774038461538458 0.20192307692307693
5 0.46754807692307687 0.3966346153846153 0.08173076923076916 0.19350961538461536
5 0.18509615384615385 0.4314903846153847 0.1298076923076923 0.26682692307692313
7 0.8653846153846154 0.48076923076923084 0.0829326923076924 0.10937500000000006
7 0.7355769230769231 0.44591346153846156 0.06971153846153844 0.09495192307692307
7 0.6766826923076923 0.2079326923076923 0.046875 0.05649038461538461
7 0.4735576923076923 0.2536057692307692 0.05288461538461542 0.058894230769230754
0 0.19591346153846156 0.25721153846153844 0.07692307692307687 0.09855769230769229
0 0.5817307692307693 0.2427884615384615 0.06730769230769229 0.06971153846153844
3 0.8918269230769231 0.6310096153846154 0.1622596153846153 0.4134615384615384
3 0.7716346153846154 0.5673076923076923 0.13701923076923084 0.3653846153846154
3 0.6742788461538461 0.4158653846153847 0.08894230769230771 0.49519230769230776
3 0.6033653846153846 0.46153846153846156 0.078125 0.5192307692307694
3 0.47596153846153844 0.3858173076923077 0.09495192307692313 0.33173076923076916
3 0.18990384615384615 0.5288461538461539 0.20192307692307687 0.6418269230769231
