6 0.359375 0.5564903846153846 0.40985576923076916 0.39903846153846156
4 0.6442307692307693 0.8545673076923077 0.13100961538461542 0.12139423076923084
4 0.6850961538461539 0.17788461538461542 0.07692307692307687 0.05168269230769229
4 0.6995192307692307 0.3701923076923077 0.04567307692307687 0.04086538461538458
4 0.7103365384615384 0.2884615384615384 0.04567307692307687 0.034855769230769273
4 0.7127403846153846 0.7211538461538461 0.05168269230769229 0.04206730769230771
4 0.7079326923076923 0.7463942307692308 0.03725961538461542 0.02524038461538458
4 0.7223557692307693 0.8004807692307692 0.05649038461538458 0.04086538461538469
4 0.7139423076923077 0.7740384615384615 0.05649038461538458 0.027644230769230727
4 0.7139423076923077 0.42307692307692313 0.05649038461538458 0.03725961538461542
4 0.6862980769230769 0.24879807692307693 0.06129807692307687 0.043269230769230727
4 0.6706730769230769 0.14663461538461542 0.03725961538461542 0.02524038461538458
4 0.6911057692307693 0.12379807692307687 0.03725961538461542 0.02644230769230771
4 0.6947115384615385 0.10096153846153838 0.050480769230769273 0.024038461538461564
4 0.6790865384615384 0.09615384615384615 0.030048076923076872 0.016826923076923128
4 0.6887019230769231 0.020432692307692235 0.04807692307692313 0.034855769230769273
6 0.6899038461538461 0.9903846153846154 0.030048076923076872 0.019230769230769273
4 0.6730769230769231 0.9927884615384616 0.016826923076923128 0.014423076923076872
3 0.5721153846153846 0.5649038461538461 0.8197115384615383 0.4266826923076923
3 0.7896634615384616 0.8713942307692308 0.4170673076923077 0.20432692307692302
3 0.8052884615384616 0.7860576923076923 0.2235576923076923 0.08173076923076916
3 0.7824519230769231 0.7139423076923077 0.21153846153846156 0.05889423076923084
3 0.8161057692307694 0.17307692307692313 0.3377403846153847 0.0625
3 0.8209134615384616 0.025240384615384637 0.3389423076923077 0.043269230769230727
3 0.8028846153846154 0.07091346153846156 0.26201923076923084 0.04807692307692313
3 0.8341346153846154 0.2824519230769231 0.28846153846153844 0.06610576923076927
3 0.8365384615384616 0.234375 0.2860576923076923 0.07211538461538458
3 0.8112980769230769 0.32572115384615385 0.251201923076923 0.04807692307692313
3 0.8052884615384616 0.3653846153846154 0.26442307692307687 0.06129807692307687
3 0.7872596153846154 0.4146634615384616 0.21153846153846156 0.06971153846153844
3 0.8149038461538461 0.11298076923076927 0.2860576923076923 0.04086538461538458
