6 0.13942307692307693 0.15264423076923078 0.10576923076923075 0.11057692307692307
6 0.27524038461538464 0.5564903846153846 0.10456730769230771 0.11418269230769229
6 0.2536057692307692 0.8341346153846154 0.10576923076923075 0.109375
5 0.46634615384615385 0.171875 0.4639423076923077 0.2752403846153846
5 0.4567307692307692 0.5697115384615384 0.24639423076923073 0.25
5 0.4879807692307692 0.8497596153846154 0.3185096153846153 0.25360576923076916
3 0.5024038461538461 0.17548076923076922 0.8365384615384615 0.2932692307692307
3 0.5841346153846154 0.5600961538461539 0.7391826923076923 0.29567307692307687
3 0.5673076923076923 0.8497596153846154 0.8185096153846154 0.2860576923076923
1 0.19471153846153846 0.15504807692307693 0.027644230769230782 0.0841346153846154
