2 0.6286057692307692 0.18990384615384615 0.171875 0.08894230769230771
2 0.5901442307692308 0.8533653846153846 0.10336538461538469 0.06129807692307687
2 0.5733173076923077 0.4675480769230769 0.08173076923076916 0.038461538461538436
2 0.5733173076923077 0.5853365384615384 0.08173076923076916 0.04567307692307687
2 0.5709134615384616 0.30528846153846156 0.06971153846153855 0.027644230769230782
2 0.5697115384615384 0.6911057692307693 0.08774038461538458 0.05649038461538458
2 0.5661057692307692 0.3389423076923077 0.08413461538461531 0.04326923076923078
3 0.3966346153846154 0.8533653846153846 0.4903846153846154 0.15625
3 0.390625 0.703125 0.453125 0.125
3 0.3798076923076923 0.37139423076923084 0.44951923076923084 0.15264423076923078
3 0.3798076923076923 0.49158653846153844 0.44951923076923084 0.11418269230769229
3 0.375 0.5853365384615384 0.4903846153846154 0.12620192307692313
3 0.36778846153846156 0.19471153846153846 0.7067307692307694 0.21514423076923078
