6 0.6418269230769231 0.21514423076923078 0.08173076923076916 0.07692307692307698
6 0.6153846153846153 0.2692307692307693 0.06730769230769229 0.04807692307692313
6 0.6334134615384616 0.5901442307692307 0.04807692307692313 0.04807692307692313
6 0.6117788461538461 0.6682692307692307 0.06129807692307687 0.07331730769230771
4 0.6706730769230769 0.5072115384615384 0.055288461538461564 0.0625
3 0.3629807692307693 0.20673076923076922 0.7079326923076923 0.16346153846153844
3 0.3942307692307693 0.2752403846153846 0.5252403846153846 0.09375
3 0.38942307692307687 0.3870192307692308 0.5360576923076923 0.14182692307692302
3 0.39903846153846156 0.5048076923076923 0.640625 0.16826923076923084
3 0.4110576923076923 0.6021634615384616 0.5216346153846154 0.10456730769230771
3 0.3786057692307693 0.6826923076923077 0.5673076923076923 0.14423076923076916
3 0.34134615384615385 0.8185096153846154 0.6826923076923077 0.1514423076923077
3 0.3713942307692307 0.9375 0.7235576923076923 0.12139423076923073
2 0.6153846153846154 0.3870192307692307 0.0625 0.04807692307692313
2 0.6370192307692307 0.8185096153846154 0.08293269230769229 0.07331730769230771
