5 0.48317307692307687 0.8485576923076923 0.23798076923076916 0.140625
5 0.782451923076923 0.8401442307692308 0.09855769230769229 0.05649038461538458
5 0.7776442307692308 0.5721153846153846 0.08173076923076927 0.04567307692307698
5 0.8509615384615384 0.59375 0.10456730769230771 0.05288461538461542
5 0.7536057692307693 0.3425480769230769 0.10456730769230771 0.058894230769230727
5 0.7283653846153846 0.13461538461538458 0.12620192307692302 0.05649038461538458
5 0.8016826923076923 0.19110576923076933 0.08413461538461542 0.043269230769230727
7 0.6682692307692308 0.8341346153846154 0.06610576923076916 0.07692307692307698
7 0.8497596153846154 0.8401442307692308 0.027644230769230838 0.027644230769230727
7 0.8317307692307692 0.3497596153846154 0.034855769230769273 0.03605769230769229
7 0.8161057692307692 0.11778846153846162 0.03725961538461542 0.043269230769230727
4 0.8617788461538461 0.19350961538461542 0.03245192307692313 0.03125
3 0.40504807692307687 0.828125 0.609375 0.19711538461538458
3 0.7884615384615385 0.8377403846153846 0.16346153846153844 0.07692307692307698
3 0.7956730769230769 0.7548076923076923 0.06370192307692302 0.03485576923076916
3 0.7716346153846154 0.3401442307692307 0.18629807692307698 0.09855769230769229
3 0.8713942307692308 0.5769230769230769 0.15504807692307698 0.05288461538461531
3 0.7223557692307692 0.5745192307692307 0.22836538461538458 0.06730769230769229
3 0.7776442307692308 0.19350961538461542 0.21995192307692302 0.05649038461538458
3 0.6778846153846154 0.12740384615384615 0.3317307692307693 0.09254807692307687
5 0.7884615384615384 0.7548076923076923 0.02043269230769229 0.02163461538461542
5 0.748798076923077 0.48317307692307687 0.06730769230769229 0.03125
3 0.7247596153846154 0.4939903846153846 0.21754807692307698 0.09855769230769229
