3 0.9242788461538461 0.6814903846153846 0.06129807692307687 0.251201923076923
3 0.8185096153846154 0.6850961538461539 0.07211538461538458 0.26442307692307687
3 0.7487980769230769 0.6754807692307692 0.07451923076923073 0.3028846153846153
3 0.686298076923077 0.6682692307692308 0.07331730769230771 0.3161057692307693
3 0.5372596153846154 0.6706730769230769 0.1201923076923076 0.405048076923077
3 0.34254807692307687 0.6706730769230769 0.15625 0.483173076923077
3 0.08774038461538458 0.6382211538461539 0.1514423076923077 0.6826923076923077
0 0.125 0.3557692307692307 0.078125 0.10817307692307693
0 0.36658653846153844 0.4627403846153846 0.06730769230769229 0.07812499999999994
0 0.5637019230769231 0.4951923076923077 0.05288461538461542 0.06610576923076922
0 0.7019230769230769 0.5288461538461539 0.038461538461538436 0.03605769230769229
0 0.7620192307692307 0.5456730769230769 0.03245192307692313 0.03245192307692313
0 0.8329326923076923 0.5661057692307693 0.03725961538461542 0.03245192307692313
7 0.9362980769230769 0.5805288461538461 0.030048076923076983 0.030048076923076872
