2 0.31490384615384615 0.39663461538461536 0.1418269230769231 0.07331730769230771
2 0.3185096153846153 0.3028846153846154 0.11298076923076922 0.07451923076923078
2 0.32692307692307687 0.6682692307692307 0.13942307692307693 0.07211538461538458
2 0.328125 0.49278846153846156 0.1682692307692308 0.08413461538461542
2 0.3377403846153846 0.8125 0.22475961538461536 0.11538461538461542
3 0.6177884615384616 0.5048076923076923 0.75 0.140625
3 0.6177884615384616 0.8341346153846154 0.75 0.1923076923076923
3 0.6177884615384616 0.40865384615384615 0.734375 0.11418269230769229
3 0.6225961538461539 0.29567307692307687 0.7235576923076923 0.13581730769230765
3 0.6237980769230769 0.6814903846153846 0.7307692307692308 0.13942307692307698
