2 0.4026442307692308 0.8449519230769231 0.11778846153846156 0.07932692307692302
2 0.4050480769230769 0.40985576923076916 0.13221153846153844 0.09375
2 0.40985576923076916 0.17908653846153844 0.13100961538461542 0.07932692307692313
2 0.420673076923077 0.5528846153846154 0.09855769230769229 0.06129807692307687
2 0.421875 0.7007211538461537 0.18149038461538458 0.10096153846153844
2 0.4471153846153847 0.9555288461538461 0.09855769230769229 0.05769230769230771
3 0.640625 0.40625 0.6598557692307692 0.22235576923076916
3 0.6538461538461539 0.9543269230769231 0.5456730769230769 0.08894230769230771
3 0.6586538461538461 0.7115384615384616 0.6634615384615385 0.21995192307692313
3 0.6646634615384616 0.8341346153846154 0.6454326923076923 0.15625
3 0.6658653846153846 0.17427884615384615 0.6490384615384617 0.2608173076923077
3 0.6754807692307693 0.5480769230769231 0.6454326923076923 0.15264423076923084
