6 0.1610576923076923 0.7055288461538461 0.24639423076923084 0.2704326923076923
6 0.17788461538461542 0.12259615384615385 0.23798076923076916 0.24278846153846145
6 0.28725961538461536 0.5252403846153846 0.1610576923076924 0.19350961538461542
1 0.3245192307692307 0.6262019230769231 0.09855769230769229 0.09375
1 0.3269230769230769 0.1610576923076923 0.10336538461538469 0.09014423076923084
6 0.3641826923076923 0.2920673076923077 0.16826923076923084 0.16826923076923084
1 0.41346153846153844 0.4939903846153847 0.10456730769230771 0.14182692307692313
1 0.49038461538461536 0.28365384615384615 0.09975961538461531 0.1514423076923077
3 0.4987980769230769 0.7848557692307692 0.9495192307692307 0.4278846153846153
3 0.5324519230769231 0.12259615384615385 0.8942307692307692 0.21754807692307687
3 0.5745192307692307 0.5012019230769231 0.7644230769230769 0.2451923076923077
3 0.6286057692307693 0.2848557692307692 0.7067307692307694 0.23317307692307698
