7 0.7536057692307692 0.1334134615384615 0.10336538461538458 0.12019230769230768
2 0.7439903846153846 0.8665865384615384 0.1923076923076924 0.12620192307692313
3 0.6983173076923077 0.7007211538461539 0.25360576923076916 0.07932692307692313
3 0.6778846153846154 0.7584134615384616 0.264423076923077 0.08894230769230771
5 0.5420673076923077 0.4939903846153846 0.28125 0.12499999999999994
5 0.47115384615384615 0.6225961538461539 0.4170673076923077 0.1826923076923077
3 0.4627403846153846 0.4939903846153846 0.6923076923076923 0.12499999999999994
5 0.44951923076923067 0.33052884615384615 0.4158653846153847 0.2019230769230769
3 0.4423076923076923 0.6165865384615384 0.8497596153846154 0.1923076923076923
3 0.4338942307692307 0.8509615384615384 0.8653846153846154 0.2920673076923077
3 0.4326923076923077 0.32932692307692313 0.8557692307692308 0.22355769230769235
3 0.42427884615384615 0.12379807692307693 0.7956730769230769 0.2139423076923077
5 0.38221153846153844 0.11899038461538461 0.46153846153846145 0.22355769230769235
7 0.8112980769230769 0.6430288461538461 0.11778846153846156 0.10817307692307687
7 0.7800480769230769 0.32572115384615385 0.11899038461538458 0.12379807692307693
7 0.7692307692307693 0.7043269230769231 0.06730769230769229 0.06129807692307687
7 0.7608173076923077 0.7728365384615384 0.078125 0.07331730769230771
7 0.7596153846153846 0.4891826923076923 0.0889423076923076 0.07211538461538458
