7 0.3689903846153847 0.2439903846153846 0.05649038461538464 0.06850961538461536
7 0.6478365384615383 0.34375 0.038461538461538436 0.078125
7 0.20192307692307693 0.3810096153846153 0.04206730769230771 0.05048076923076922
5 0.3533653846153846 0.39302884615384615 0.09975961538461536 0.20432692307692307
5 0.15865384615384615 0.45913461538461536 0.06370192307692307 0.14182692307692302
3 0.3653846153846153 0.5036057692307693 0.15985576923076922 0.5925480769230769
3 0.6322115384615384 0.5120192307692308 0.10456730769230771 0.4471153846153847
3 0.10096153846153846 0.5144230769230769 0.06850961538461538 0.328125
3 0.2451923076923077 0.53125 0.11538461538461542 0.2596153846153846
3 0.8401442307692307 0.5348557692307693 0.11418269230769229 0.375
3 0.16346153846153844 0.5552884615384615 0.10456730769230768 0.4182692307692307
