2 0.8016826923076923 0.7283653846153846 0.12860576923076916 0.2391826923076924
3 0.6286057692307692 0.4879807692307693 0.2908653846153847 0.9579326923076923
3 0.41466346153846156 0.4795673076923077 0.2451923076923077 0.8966346153846154
5 0.2295673076923077 0.4795673076923077 0.26201923076923084 0.4435096153846154
3 0.2007211538461539 0.4591346153846154 0.31971153846153844 0.9158653846153846
5 0.421875 0.4495192307692307 0.20913461538461542 0.4579326923076923
3 0.8293269230769231 0.4254807692307693 0.2596153846153847 0.8485576923076923
5 0.8209134615384616 0.39182692307692313 0.24278846153846145 0.48076923076923084
4 0.6045673076923077 0.8713942307692308 0.15985576923076916 0.17548076923076927
6 0.45072115384615385 0.8377403846153846 0.1514423076923077 0.16225961538461542
2 0.25961538461538464 0.7896634615384616 0.13221153846153844 0.24278846153846145
