5 0.860576923076923 0.48076923076923067 0.12019230769230771 0.3161057692307693
5 0.765625 0.453125 0.08173076923076916 0.14663461538461542
5 0.6850961538461539 0.4615384615384616 0.10456730769230771 0.19951923076923073
5 0.6141826923076923 0.4891826923076923 0.07451923076923084 0.16826923076923084
5 0.561298076923077 0.5084134615384616 0.04807692307692313 0.1454326923076923
5 0.5204326923076923 0.5276442307692308 0.05048076923076916 0.13221153846153844
5 0.4747596153846154 0.5192307692307692 0.05649038461538458 0.1466346153846153
5 0.43629807692307687 0.5637019230769231 0.03725961538461542 0.11298076923076916
5 0.4026442307692308 0.5769230769230769 0.038461538461538436 0.10096153846153844
5 0.359375 0.5745192307692308 0.05649038461538458 0.08653846153846156
5 0.18870192307692313 0.6274038461538461 0.08413461538461542 0.1610576923076923
7 0.8689903846153846 0.7367788461538461 0.09855769230769229 0.09495192307692313
7 0.6165865384615384 0.6262019230769231 0.06129807692307687 0.06850961538461542
7 0.5216346153846154 0.6346153846153847 0.038461538461538436 0.05769230769230771
7 0.47355769230769235 0.6358173076923077 0.043269230769230727 0.05649038461538458
7 0.4314903846153846 0.6490384615384615 0.03605769230769229 0.043269230769230727
6 0.6995192307692308 0.5973557692307693 0.05649038461538469 0.04807692307692313
6 0.5625 0.6346153846153847 0.04326923076923084 0.05769230769230771
6 0.4026442307692308 0.6574519230769231 0.027644230769230727 0.046875
6 0.35216346153846156 0.6418269230769231 0.03245192307692313 0.03485576923076916
3 0.8545673076923077 0.40865384615384615 0.13701923076923084 0.7548076923076923
3 0.7560096153846154 0.45432692307692313 0.11538461538461542 0.3701923076923077
3 0.6658653846153846 0.39783653846153844 0.1610576923076924 0.48317307692307687
3 0.6033653846153846 0.4435096153846154 0.11899038461538458 0.4314903846153846
3 0.5444711538461539 0.48317307692307687 0.09495192307692313 0.38701923076923084
3 0.5060096153846154 0.4891826923076923 0.08413461538461542 0.35576923076923084
3 0.4639423076923077 0.5204326923076923 0.07211538461538458 0.296875
3 0.41947115384615385 0.5264423076923077 0.07331730769230771 0.29326923076923084
3 0.3942307692307693 0.5384615384615384 0.0625 0.2920673076923077
3 0.34735576923076933 0.5384615384615384 0.06971153846153844 0.2451923076923077
3 0.18870192307692313 0.5564903846153846 0.10456730769230771 0.4471153846153847
