6 0.828125 0.47596153846153844 0.027644230769230838 0.05528846153846151
6 0.6057692307692308 0.47596153846153844 0.025240384615384692 0.05769230769230771
6 0.49158653846153844 0.5324519230769231 0.03846153846153855 0.09735576923076922
5 0.8293269230769231 0.5949519230769231 0.038461538461538436 0.16826923076923084
5 0.6129807692307693 0.6009615384615384 0.05168269230769229 0.19350961538461542
5 0.5492788461538461 0.6009615384615385 0.03605769230769229 0.14423076923076927
5 0.48317307692307687 0.6971153846153846 0.078125 0.23798076923076916
3 0.8317307692307692 0.6370192307692307 0.050480769230769273 0.3701923076923077
3 0.6129807692307692 0.6225961538461539 0.050480769230769273 0.3485576923076923
3 0.548076923076923 0.6165865384615384 0.03605769230769229 0.3197115384615385
3 0.4795673076923077 0.7415865384615384 0.078125 0.5144230769230769
