0 0.5516826923076923 0.3028846153846154 0.02524038461538458 0.027644230769230782
5 0.6189903846153846 0.30528846153846156 0.08774038461538458 0.046875
3 0.6526442307692307 0.3004807692307693 0.2391826923076923 0.06129807692307693
0 0.6838942307692307 0.5877403846153846 0.046875 0.046875
0 0.6862980769230769 0.14783653846153846 0.03245192307692313 0.03245192307692307
0 0.6911057692307693 0.06971153846153846 0.030048076923076872 0.04086538461538462
0 0.6923076923076923 0.046875 0.03125 0.027644230769230768
0 0.6935096153846154 0.40264423076923084 0.04086538461538458 0.04086538461538464
0 0.6971153846153846 0.2800480769230769 0.02043269230769229 0.02644230769230771
0 0.7103365384615385 0.21995192307692307 0.024038461538461564 0.02524038461538461
0 0.7151442307692307 0.12139423076923077 0.02043269230769229 0.02163461538461539
5 0.7475961538461539 0.40625 0.08293269230769229 0.07211538461538458
5 0.7560096153846154 0.15504807692307693 0.09254807692307698 0.05769230769230771
5 0.7692307692307693 0.11899038461538461 0.07331730769230771 0.04326923076923078
5 0.7716346153846154 0.11658653846153845 0.07331730769230771 0.04206730769230768
5 0.7728365384615384 0.5925480769230769 0.11418269230769229 0.08894230769230771
5 0.7740384615384617 0.2908653846153847 0.09735576923076927 0.04567307692307693
5 0.7776442307692307 0.23076923076923078 0.08894230769230771 0.06971153846153844
5 0.7800480769230769 0.06129807692307693 0.12019230769230771 0.078125
3 0.7920673076923077 0.11658653846153848 0.171875 0.05168269230769232
3 0.7932692307692307 0.29086538461538464 0.22836538461538458 0.06730769230769229
3 0.7980769230769231 0.15745192307692307 0.25721153846153844 0.0721153846153846
3 0.8016826923076923 0.2247596153846154 0.21875 0.07211538461538464
3 0.8064903846153846 0.06490384615384615 0.264423076923077 0.06129807692307691
3 0.8185096153846154 0.40985576923076916 0.298076923076923 0.08173076923076922
3 0.8257211538461539 0.5865384615384616 0.34495192307692313 0.11899038461538458
