5 0.6310096153846154 0.39783653846153844 0.12379807692307698 0.06971153846153855
5 0.6105769230769231 0.2716346153846154 0.09014423076923073 0.05288461538461542
5 0.592548076923077 0.20552884615384615 0.06730769230769229 0.04807692307692313
5 0.6286057692307693 0.8774038461538461 0.1670673076923077 0.08293269230769229
7 0.7151442307692307 0.4158653846153846 0.04567307692307687 0.03485576923076916
7 0.6802884615384616 0.27283653846153844 0.03245192307692313 0.030048076923076872
7 0.6454326923076923 0.21634615384615385 0.03125 0.030048076923076872
7 0.7668269230769231 0.18870192307692307 0.019230769230769273 0.019230769230769273
5 0.7319711538461539 0.19110576923076922 0.05168269230769229 0.027644230769230727
3 0.733173076923077 0.19110576923076922 0.09855769230769229 0.034855769230769273
3 0.5853365384615384 0.21514423076923078 0.17067307692307687 0.06129807692307698
3 0.5925480769230769 0.27884615384615385 0.22235576923076927 0.08653846153846145
3 0.5949519230769231 0.41947115384615385 0.28846153846153844 0.10817307692307687
3 0.5733173076923077 0.8677884615384616 0.39423076923076916 0.1514423076923077
