0 0.7788461538461539 0.34134615384615385 0.1358173076923077 0.1298076923076923
0 0.8064903846153846 0.8605769230769231 0.12620192307692302 0.13221153846153844
7 0.7247596153846153 0.6033653846153846 0.12019230769230771 0.10336538461538458
5 0.4254807692307693 0.389423076923077 0.4579326923076923 0.2920673076923077
5 0.4026442307692307 0.6081730769230769 0.4110576923076923 0.20192307692307698
5 0.4278846153846154 0.8629807692307693 0.4615384615384617 0.26682692307692313
3 0.4266826923076923 0.3737980769230769 0.8497596153846154 0.326923076923077
3 0.4002403846153846 0.6346153846153846 0.7980769230769231 0.23798076923076916
3 0.44591346153846156 0.8617788461538463 0.8737980769230769 0.27403846153846156
1 0.7091346153846154 0.34014423076923084 0.05048076923076916 0.09014423076923084
1 0.6634615384615384 0.5973557692307693 0.04206730769230771 0.07211538461538458
1 0.734375 0.8641826923076923 0.05288461538461542 0.09014423076923073
