7 0.7307692307692308 0.5252403846153846 0.11778846153846156 0.12860576923076927
7 0.7896634615384616 0.2980769230769231 0.1514423076923077 0.17067307692307698
7 0.6838942307692308 0.9098557692307692 0.05649038461538469 0.058894230769230727
7 0.6706730769230769 0.733173076923077 0.04086538461538458 0.03605769230769229
5 0.3786057692307693 0.5168269230769231 0.40745192307692313 0.2439903846153847
5 0.35817307692307687 0.25 0.5204326923076923 0.30889423076923084
5 0.5841346153846153 0.889423076923077 0.1454326923076923 0.08293269230769229
5 0.625 0.7403846153846154 0.08173076923076916 0.038461538461538436
3 0.48317307692307687 0.24879807692307687 0.7776442307692308 0.30889423076923084
3 0.4963942307692307 0.5252403846153846 0.5985576923076923 0.266826923076923
3 0.5276442307692307 0.9026442307692308 0.3701923076923077 0.09735576923076927
3 0.5925480769230769 0.734375 0.20673076923076927 0.05048076923076916
