3 0.6502403846153846 0.9350961538461539 0.21875 0.06971153846153855
3 0.5925480769230769 0.7115384615384616 0.4134615384615384 0.09855769230769229
3 0.6298076923076923 0.515625 0.44110576923076916 0.11538461538461542
3 0.59375 0.3173076923076923 0.43389423076923084 0.10336538461538458
3 0.5661057692307693 0.21274038461538453 0.3990384615384615 0.09735576923076927
4 0.5649038461538461 0.9338942307692308 0.06730769230769229 0.03725961538461531
4 0.4254807692307692 0.2908653846153845 0.08653846153846156 0.050480769230769273
0 0.4567307692307693 0.5372596153846154 0.10336538461538464 0.05048076923076916
0 0.4362980769230769 0.719951923076923 0.09375 0.05769230769230771
0 0.41586538461538464 0.18629807692307687 0.07331730769230771 0.030048076923076872
