7 0.4651442307692308 0.3774038461538461 0.09014423076923073 0.055288461538461564
7 0.5805288461538461 0.375 0.05168269230769229 0.046875
7 0.7536057692307693 0.40865384615384615 0.078125 0.030048076923076872
7 0.9447115384615384 0.38942307692307687 0.10817307692307687 0.046875
5 0.5480769230769231 0.2908653846153846 0.14663461538461542 0.1298076923076923
5 0.7620192307692307 0.31850961538461536 0.11538461538461542 0.12379807692307698
5 0.9555288461538463 0.2776442307692307 0.08653846153846156 0.14663461538461542
3 0.48557692307692313 0.20913461538461542 0.29326923076923084 0.3966346153846154
3 0.6153846153846154 0.30408653846153844 0.125 0.1766826923076923
3 0.7560096153846154 0.26923076923076933 0.12620192307692302 0.3185096153846153
3 0.9110576923076923 0.23076923076923067 0.17548076923076916 0.4002403846153847
3 0.5649038461538463 0.3822115384615384 0.055288461538461564 0.06610576923076927
