7 0.3076923076923077 0.8197115384615385 0.05889423076923078 0.043269230769230727
7 0.32211538461538464 0.5360576923076923 0.046875 0.046875
7 0.2764423076923077 0.46754807692307687 0.03725961538461536 0.046875
6 0.2608173076923077 0.7259615384615384 0.04086538461538461 0.03846153846153855
5 0.3497596153846153 0.7067307692307692 0.11298076923076922 0.06370192307692302
5 0.4411057692307693 0.546875 0.16105769230769235 0.08173076923076916
5 0.37139423076923084 0.4543269230769232 0.12139423076923078 0.07932692307692302
3 0.40745192307692313 0.8557692307692308 0.28125000000000006 0.11538461538461531
5 0.3737980769230769 0.8485576923076923 0.125 0.078125
3 0.39783653846153844 0.7043269230769231 0.3233173076923077 0.09735576923076927
3 0.49879807692307687 0.5504807692307692 0.4002403846153846 0.11538461538461531
3 0.42788461538461536 0.45432692307692313 0.3557692307692307 0.09975961538461542
