3 0.6574519230769231 0.20673076923076922 0.6237980769230769 0.13701923076923075
3 0.6682692307692307 0.33173076923076916 0.5324519230769231 0.09975961538461536
3 0.6418269230769231 0.41826923076923084 0.5685096153846154 0.11057692307692307
3 0.6033653846153846 0.5096153846153846 0.5216346153846154 0.09375
3 0.4963942307692308 0.6033653846153846 0.2403846153846153 0.078125
3 0.7175480769230769 0.6286057692307692 0.5 0.09014423076923073
3 0.6838942307692307 0.7103365384615384 0.6045673076923077 0.10456730769230771
3 0.6875 0.8221153846153846 0.5817307692307692 0.12139423076923073
2 0.3846153846153846 0.2283653846153846 0.06850961538461542 0.04326923076923078
2 0.43389423076923084 0.342548076923077 0.05889423076923084 0.04086538461538464
2 0.41346153846153844 0.6081730769230769 0.05769230769230771 0.043269230769230727
2 0.4963942307692307 0.6310096153846154 0.05769230769230771 0.038461538461538436
2 0.40745192307692313 0.6959134615384616 0.05889423076923084 0.04206730769230771
2 0.4362980769230769 0.8137019230769231 0.058894230769230727 0.04567307692307687
