4 0.14302884615384615 0.7355769230769231 0.20192307692307693 0.15504807692307698
4 0.24879807692307693 0.6454326923076923 0.14903846153846156 0.09375
0 0.26322115384615385 0.5757211538461539 0.11418269230769229 0.06370192307692313
0 0.25360576923076916 0.43028846153846156 0.13100961538461536 0.10456730769230771
0 0.27884615384615385 0.2668269230769231 0.1826923076923077 0.14903846153846156
3 0.5012019230769231 0.8028846153846154 0.9723557692307692 0.282451923076923
3 0.5829326923076923 0.6622596153846154 0.828125 0.140625
3 0.4483173076923077 0.5793269230769231 0.49639423076923084 0.12379807692307698
3 0.4326923076923077 0.4170673076923077 0.5192307692307692 0.21514423076923084
3 0.5769230769230769 0.18389423076923067 0.796875 0.3004807692307693
