2 0.65625 0.4891826923076923 0.04086538461538458 0.0625
2 0.3713942307692308 0.5060096153846154 0.027644230769230727 0.05649038461538458
2 0.45192307692307687 0.5096153846153846 0.030048076923076872 0.05528846153846151
2 0.31370192307692313 0.515625 0.04567307692307687 0.07451923076923078
2 0.25 0.5252403846153846 0.03125 0.05288461538461542
2 0.4795673076923077 0.5276442307692307 0.03125 0.05889423076923078
2 0.2752403846153846 0.5276442307692307 0.02524038461538458 0.05889423076923078
2 0.1923076923076923 0.5528846153846154 0.046875 0.08293269230769229
3 0.3737980769230769 0.6526442307692308 0.07932692307692302 0.3533653846153847
3 0.6754807692307692 0.671875 0.10096153846153844 0.4435096153846154
3 0.24879807692307687 0.6778846153846154 0.05649038461538458 0.3641826923076923
3 0.4879807692307693 0.6923076923076923 0.10817307692307687 0.40985576923076916
3 0.3185096153846155 0.6971153846153846 0.09495192307692302 0.4278846153846154
3 0.18629807692307682 0.7487980769230769 0.09254807692307698 0.46875
