2 0.8112980769230769 0.08653846153846154 0.16225961538461542 0.05288461538461538
2 0.8016826923076923 0.14182692307692307 0.16826923076923084 0.05769230769230771
2 0.7980769230769231 0.2283653846153846 0.11778846153846156 0.06129807692307693
2 0.7884615384615384 0.30528846153846156 0.11057692307692313 0.05288461538461536
2 0.7788461538461539 0.5949519230769231 0.09254807692307687 0.05288461538461542
2 0.7776442307692308 0.5360576923076923 0.06850961538461542 0.027644230769230727
2 0.7740384615384616 0.4495192307692308 0.08774038461538458 0.03125
2 0.765625 0.3786057692307692 0.07211538461538458 0.02644230769230771
2 0.7596153846153846 0.484375 0.09735576923076916 0.04326923076923078
2 0.7596153846153846 0.6754807692307693 0.07211538461538458 0.02524038461538458
2 0.7512019230769231 0.3497596153846154 0.07451923076923073 0.030048076923076927
2 0.7439903846153847 0.6983173076923077 0.06129807692307687 0.027644230769230727
3 0.6189903846153846 0.6911057692307694 0.3497596153846153 0.08173076923076927
3 0.5973557692307693 0.22836538461538458 0.5144230769230769 0.11899038461538458
3 0.5865384615384616 0.3737980769230769 0.4158653846153846 0.05769230769230771
3 0.5625 0.47596153846153844 0.5 0.12019230769230771
3 0.5480769230769231 0.3221153846153846 0.5901442307692307 0.13942307692307693
3 0.53125 0.5949519230769231 0.5745192307692308 0.10456730769230771
