3 0.3004807692307693 0.23798076923076922 0.5985576923076923 0.17307692307692304
3 0.3004807692307693 0.4026442307692308 0.5997596153846154 0.16346153846153844
3 0.34134615384615385 0.6177884615384616 0.6706730769230769 0.15745192307692313
3 0.41346153846153844 0.890625 0.8112980769230769 0.21514423076923084
4 0.5492788461538461 0.22836538461538458 0.09855769230769229 0.09374999999999997
4 0.5625 0.3870192307692307 0.06610576923076916 0.06850961538461536
4 0.6117788461538461 0.5997596153846154 0.09495192307692313 0.09254807692307698
4 0.7427884615384616 0.8521634615384616 0.12379807692307687 0.13942307692307687
5 0.3413461538461539 0.22475961538461536 0.25721153846153844 0.16346153846153844
5 0.3942307692307692 0.39783653846153844 0.20673076923076927 0.11057692307692307
5 0.34735576923076933 0.6189903846153846 0.3810096153846153 0.140625
5 0.4170673076923077 0.9086538461538461 0.4591346153846154 0.1826923076923077
