2 0.6177884615384616 0.3233173076923077 0.07692307692307687 0.140625
2 0.21153846153846156 0.3293269230769231 0.05649038461538458 0.09855769230769229
2 0.4495192307692308 0.33052884615384615 0.07451923076923073 0.1670673076923077
2 0.016826923076923128 0.3497596153846153 0.030048076923076872 0.07692307692307693
2 0.3245192307692307 0.35216346153846156 0.04206730769230771 0.08293269230769229
2 0.13221153846153844 0.35216346153846156 0.030048076923076872 0.05168269230769229
2 0.050480769230769273 0.3581730769230769 0.030048076923076872 0.05168269230769229
2 0.4903846153846154 0.3918269230769231 0.03485576923076916 0.06730769230769229
2 0.7427884615384617 0.4026442307692308 0.058894230769230727 0.109375
3 0.12379807692307687 0.4735576923076923 0.06850961538461542 0.28125
3 0.030048076923076872 0.5144230769230769 0.05649038461538458 0.423076923076923
3 0.3185096153846154 0.5372596153846154 0.125 0.4483173076923077
3 0.1923076923076923 0.5456730769230769 0.13701923076923084 0.5168269230769231
3 0.4158653846153846 0.6081730769230769 0.21274038461538458 0.7331730769230769
3 0.6009615384615384 0.6105769230769231 0.1875 0.7247596153846154
3 0.7524038461538461 0.65625 0.1358173076923077 0.6153846153846154
