4 0.33173076923076916 0.15504807692307698 0.06850961538461536 0.06730769230769229
4 0.39903846153846156 0.24639423076923078 0.06610576923076922 0.05649038461538469
4 0.40985576923076916 0.342548076923077 0.05288461538461536 0.05769230769230771
4 0.41346153846153844 0.6826923076923077 0.06850961538461542 0.05649038461538458
4 0.389423076923077 0.7572115384615383 0.05649038461538464 0.058894230769230727
4 0.36057692307692313 0.8545673076923077 0.05889423076923078 0.058894230769230727
6 0.40625 0.436298076923077 0.0625 0.05769230769230771
6 0.4278846153846154 0.5228365384615384 0.06370192307692307 0.05528846153846145
6 0.3894230769230769 0.5889423076923077 0.05769230769230771 0.050480769230769273
5 0.5012019230769231 0.14302884615384615 0.20913461538461542 0.11778846153846145
5 0.5649038461538461 0.24158653846153844 0.2259615384615385 0.11057692307692313
5 0.5769230769230769 0.33653846153846156 0.22235576923076916 0.10096153846153855
5 0.5901442307692307 0.4387019230769231 0.2572115384615385 0.11538461538461531
5 0.5985576923076923 0.5180288461538461 0.22235576923076916 0.07331730769230771
5 0.5733173076923077 0.5973557692307693 0.2560096153846154 0.09254807692307687
5 0.5685096153846154 0.6862980769230769 0.2115384615384615 0.09735576923076927
5 0.5492788461538461 0.7668269230769231 0.2079326923076923 0.09975961538461542
5 0.5240384615384616 0.8665865384615384 0.21995192307692313 0.09495192307692313
3 0.6081730769230769 0.13221153846153844 0.6213942307692308 0.140625
3 0.6418269230769231 0.2451923076923077 0.5528846153846154 0.10576923076923084
3 0.6490384615384616 0.33774038461538464 0.5528846153846154 0.10096153846153844
3 0.6442307692307693 0.4314903846153846 0.546875 0.109375
3 0.65625 0.5168269230769231 0.5120192307692308 0.08413461538461542
3 0.6346153846153846 0.5961538461538461 0.5612980769230769 0.10817307692307687
3 0.6502403846153846 0.6814903846153846 0.5552884615384617 0.08774038461538458
3 0.6286057692307693 0.7644230769230769 0.5745192307692306 0.09855769230769229
3 0.6189903846153846 0.8641826923076923 0.5997596153846154 0.11899038461538458
