7 0.7776442307692307 0.35336538461538464 0.05769230769230771 0.038461538461538436
4 0.8365384615384615 0.2560096153846154 0.058894230769230727 0.04567307692307687
4 0.38461538461538464 0.33653846153846156 0.038461538461538436 0.03125
7 0.1935096153846154 0.21995192307692318 0.03485576923076922 0.027644230769230727
3 0.8161057692307693 0.4098557692307693 0.13461538461538458 0.15745192307692313
3 0.8605769230769231 0.26802884615384615 0.09975961538461542 0.07932692307692313
3 0.421875 0.35216346153846156 0.140625 0.07692307692307687
3 0.2704326923076923 0.21274038461538453 0.19711538461538458 0.08173076923076927
3 0.421875 0.125 0.15264423076923078 0.05649038461538458
6 0.36658653846153844 0.11658653846153844 0.03245192307692307 0.02644230769230771
