6 0.17668269230769232 0.31850961538461536 0.11538461538461538 0.11418269230769229
6 0.8245192307692307 0.20192307692307693 0.1358173076923077 0.12379807692307696
4 0.07211538461538461 0.2692307692307692 0.14423076923076922 0.17548076923076925
4 0.3641826923076923 0.25721153846153844 0.12860576923076922 0.1237980769230769
4 0.6262019230769231 0.265625 0.09975961538461542 0.10336538461538458
0 0.7115384615384616 0.3317307692307692 0.17067307692307687 0.16346153846153844
0 0.9579326923076923 0.06490384615384616 0.08173076923076927 0.12980769230769232
3 0.08173076923076923 0.5709134615384616 0.1622596153846154 0.8137019230769231
3 0.19951923076923078 0.6153846153846154 0.1875 0.7355769230769231
3 0.37740384615384615 0.578125 0.2740384615384615 0.8004807692307692
3 0.6177884615384616 0.5973557692307693 0.16225961538461542 0.7620192307692306
3 0.7211538461538461 0.6189903846153846 0.23557692307692313 0.7451923076923077
3 0.8497596153846154 0.5504807692307693 0.22596153846153844 0.8473557692307694
3 0.9519230769230769 0.42908653846153844 0.09375 0.8581730769230769
