1 0.6826923076923077 0.17067307692307693 0.10336538461538458 0.1923076923076923
1 0.6694711538461539 0.8533653846153846 0.08894230769230771 0.1923076923076923
7 0.641826923076923 0.5120192307692307 0.2235576923076923 0.20432692307692313
1 0.5829326923076923 0.5228365384615384 0.13701923076923084 0.1514423076923077
3 0.4807692307692307 0.8605769230769231 0.9579326923076923 0.2752403846153846
3 0.4783653846153846 0.18509615384615385 0.9338942307692308 0.3545673076923077
3 0.40865384615384615 0.5877403846153846 0.6826923076923077 0.375
5 0.3786057692307693 0.34254807692307687 0.42307692307692313 0.20913461538461536
5 0.2872596153846154 0.6105769230769231 0.2860576923076923 0.3377403846153846
5 0.27403846153846156 0.8894230769230769 0.5324519230769231 0.21875
1 0.8377403846153846 0.3701923076923077 0.11057692307692302 0.14423076923076922
7 0.8088942307692308 0.859375 0.2716346153846153 0.2596153846153846
