3 0.2668269230769231 0.5817307692307692 0.17067307692307696 0.5841346153846154
3 0.46514423076923084 0.2451923076923077 0.14062500000000006 0.34375
3 0.5925480769230769 0.3269230769230769 0.1766826923076923 0.09495192307692302
3 0.7692307692307693 0.640625 0.10817307692307687 0.47235576923076916
3 0.9411057692307694 0.7091346153846154 0.09735576923076927 0.3245192307692307
5 0.24759615384615383 0.6634615384615384 0.11778846153846151 0.24879807692307687
5 0.48317307692307687 0.27403846153846156 0.09975961538461536 0.1875
5 0.59375 0.3245192307692307 0.13100961538461542 0.07932692307692313
5 0.7776442307692307 0.6947115384615384 0.10336538461538458 0.18629807692307687
5 0.9435096153846154 0.7319711538461539 0.07211538461538458 0.1514423076923077
5 0.3942307692307692 0.7764423076923077 0.02043269230769229 0.05649038461538458
3 0.390625 0.764423076923077 0.046875 0.1358173076923077
6 0.2824519230769231 0.8233173076923077 0.07692307692307696 0.08173076923076916
6 0.39302884615384615 0.8161057692307692 0.02043269230769229 0.025240384615384692
7 0.4266826923076923 0.3786057692307693 0.05889423076923078 0.07692307692307687
7 0.7668269230769231 0.8245192307692308 0.08173076923076927 0.07211538461538469
7 0.9387019230769231 0.8353365384615384 0.05649038461538458 0.05769230769230771
