2 0.23918269230769232 0.109375 0.23798076923076922 0.11538461538461542
2 0.26682692307692313 0.35096153846153844 0.16105769230769235 0.08413461538461542
2 0.3028846153846154 0.4435096153846154 0.22836538461538464 0.125
2 0.31009615384615385 0.8040865384615384 0.2355769230769231 0.12379807692307687
2 0.3341346153846154 0.6286057692307692 0.17668269230769235 0.10336538461538458
2 0.3762019230769231 0.9471153846153846 0.171875 0.09495192307692302
3 0.45673076923076916 0.3125 0.5721153846153846 0.18389423076923084
3 0.5637019230769231 0.11057692307692307 0.8641826923076923 0.21754807692307698
3 0.5769230769230769 0.43870192307692313 0.8125 0.2908653846153846
3 0.5973557692307693 0.8137019230769231 0.7764423076923077 0.2403846153846153
3 0.6069711538461539 0.6370192307692308 0.7295673076923077 0.18028846153846156
