3 0.18389423076923078 0.42067307692307687 0.19471153846153844 0.09855769230769229
3 0.18870192307692307 0.35096153846153844 0.10336538461538461 0.0625
3 0.20432692307692307 0.6262019230769231 0.3966346153846153 0.20673076923076916
5 0.234375 0.6105769230769231 0.2223557692307692 0.1814903846153847
5 0.27403846153846156 0.19350961538461536 0.30889423076923084 0.14903846153846156
7 0.4314903846153846 0.5336538461538461 0.14423076923076916 0.09855769230769229
3 0.44591346153846156 0.17548076923076922 0.8822115384615385 0.22235576923076927
5 0.5348557692307693 0.6550480769230769 0.19711538461538458 0.19110576923076927
3 0.5673076923076923 0.6334134615384616 0.40625 0.2860576923076923
7 0.06370192307692307 0.6009615384615384 0.12019230769230771 0.09495192307692313
1 0.10576923076923077 0.23677884615384615 0.024038461538461536 0.02644230769230771
7 0.12139423076923077 0.4266826923076923 0.043269230769230754 0.046875
1 0.125 0.5949519230769231 0.025240384615384623 0.05048076923076916
