1 0.4627403846153847 0.609375 0.05649038461538464 0.08413461538461542
1 0.44591346153846156 0.3245192307692307 0.06129807692307693 0.06730769230769229
5 0.8161057692307693 0.8293269230769231 0.3641826923076923 0.23557692307692302
5 0.7620192307692307 0.6334134615384616 0.46754807692307687 0.18629807692307687
5 0.8112980769230769 0.41466346153846156 0.375 0.2235576923076923
5 0.7668269230769231 0.2079326923076923 0.45673076923076916 0.24399038461538458
3 0.703125 0.8233173076923077 0.5841346153846154 0.2596153846153846
3 0.6634615384615384 0.6201923076923077 0.6670673076923077 0.1875
3 0.7175480769230769 0.42427884615384615 0.5528846153846154 0.23317307692307687
3 0.6550480769230769 0.18389423076923073 0.6875 0.3485576923076923
2 0.5060096153846154 0.7716346153846154 0.19110576923076916 0.14663461538461542
2 0.42307692307692313 0.6262019230769231 0.16826923076923084 0.12860576923076916
2 0.5240384615384616 0.4146634615384616 0.17307692307692313 0.13221153846153844
2 0.41466346153846156 0.2740384615384615 0.1802884615384615 0.14903846153846156
