6 0.13341346153846154 0.7175480769230769 0.22355769230769235 0.1778846153846153
6 0.19831730769230768 0.5036057692307693 0.12139423076923078 0.09254807692307687
6 0.23918269230769232 0.28004807692307687 0.19110576923076922 0.14423076923076916
5 0.6935096153846154 0.7355769230769231 0.6105769230769231 0.31971153846153844
5 0.5793269230769231 0.4795673076923077 0.4759615384615384 0.18149038461538458
5 0.7283653846153846 0.3185096153846154 0.5384615384615383 0.2560096153846154
3 0.5096153846153846 0.7560096153846154 0.9759615384615383 0.36298076923076916
3 0.5649038461538461 0.4651442307692307 0.8545673076923077 0.2139423076923077
3 0.5745192307692307 0.29086538461538464 0.8473557692307694 0.23557692307692302
1 0.2644230769230769 0.7199519230769231 0.07932692307692304 0.15264423076923073
1 0.3317307692307692 0.2872596153846154 0.0625 0.11899038461538458
1 0.265625 0.5060096153846154 0.046875 0.07692307692307698
