6 0.6947115384615384 0.4074519230769231 0.06370192307692313 0.055288461538461564
6 0.6490384615384616 0.5300480769230769 0.07692307692307687 0.06370192307692302
6 0.7211538461538461 0.6550480769230769 0.08653846153846145 0.07331730769230771
6 0.8233173076923077 0.7980769230769231 0.09975961538461542 0.10336538461538458
5 0.5444711538461539 0.4230769230769231 0.20192307692307687 0.109375
5 0.47596153846153844 0.5492788461538461 0.25 0.11778846153846151
5 0.515625 0.6754807692307693 0.2716346153846154 0.13942307692307687
5 0.5673076923076923 0.8305288461538461 0.33173076923076916 0.1826923076923077
3 0.4747596153846154 0.4230769230769231 0.5168269230769231 0.17307692307692302
3 0.4110576923076923 0.5432692307692307 0.5528846153846154 0.13461538461538458
3 0.4170673076923077 0.6754807692307692 0.6838942307692308 0.16826923076923073
3 0.43990384615384615 0.8509615384615383 0.8737980769230769 0.25721153846153844
1 0.7788461538461539 0.7920673076923077 0.04567307692307687 0.058894230769230727
