7 0.6526442307692308 0.9663461538461539 0.024038461538461564 0.02644230769230771
6 0.6189903846153846 0.6814903846153846 0.06971153846153844 0.06610576923076927
6 0.6334134615384616 0.610576923076923 0.03605769230769229 0.04567307692307687
6 0.6153846153846154 0.4098557692307692 0.07211538461538458 0.06610576923076927
6 0.5661057692307692 0.26923076923076933 0.06971153846153844 0.06971153846153844
6 0.5769230769230769 0.1610576923076923 0.0625 0.08413461538461542
4 0.6346153846153846 0.4675480769230769 0.038461538461538436 0.038461538461538436
4 0.625 0.32692307692307687 0.058894230769230727 0.04807692307692313
4 0.5721153846153846 0.08774038461538458 0.04206730769230771 0.046875
5 0.7115384615384616 0.9675480769230769 0.07932692307692313 0.04807692307692302
5 0.7776442307692307 0.7019230769230769 0.2451923076923077 0.10817307692307698
5 0.7295673076923077 0.6165865384615384 0.14423076923076916 0.05168269230769229
5 0.7163461538461539 0.4711538461538461 0.12019230769230771 0.055288461538461564
5 0.7860576923076923 0.40865384615384615 0.24399038461538458 0.12379807692307687
5 0.7391826923076923 0.2548076923076923 0.24038461538461542 0.14663461538461542
5 0.7427884615384616 0.33653846153846156 0.17307692307692313 0.06850961538461542
5 0.7728365384615384 0.13701923076923073 0.2704326923076923 0.11057692307692313
5 0.6754807692307694 0.08052884615384615 0.14423076923076927 0.08293269230769229
3 0.7247596153846154 0.9615384615384616 0.17307692307692302 0.06730769230769229
3 0.7836538461538461 0.7007211538461539 0.40504807692307687 0.13942307692307687
3 0.7716346153846154 0.6045673076923077 0.326923076923077 0.09014423076923084
3 0.7620192307692306 0.4723557692307693 0.3088942307692307 0.06730769230769229
3 0.7908653846153846 0.39783653846153844 0.40985576923076916 0.1298076923076923
3 0.7463942307692307 0.3269230769230768 0.296875 0.07692307692307698
3 0.7572115384615385 0.2620192307692308 0.4627403846153847 0.15264423076923073
3 0.7451923076923077 0.14903846153846156 0.41826923076923084 0.15625
3 0.7211538461538461 0.08894230769230771 0.35817307692307687 0.109375
