2 0.4903846153846155 0.8076923076923077 0.12620192307692302 0.19951923076923084
2 0.7127403846153846 0.7307692307692308 0.15024038461538458 0.24879807692307698
2 0.8293269230769231 0.6995192307692307 0.05649038461538458 0.10456730769230771
2 0.21274038461538458 0.6983173076923077 0.10456730769230771 0.18389423076923084
2 0.9627403846153846 0.6838942307692308 0.024038461538461564 0.046875
3 0.8473557692307692 0.5949519230769231 0.12379807692307698 0.3473557692307693
3 0.9567307692307692 0.5877403846153846 0.06971153846153844 0.22596153846153844
3 0.4927884615384615 0.46153846153846156 0.2536057692307693 0.9206730769230769
3 0.7307692307692307 0.4278846153846154 0.2079326923076923 0.8473557692307692
3 0.19471153846153838 0.4122596153846154 0.3317307692307693 0.7860576923076923
