6 0.3858173076923077 0.24639423076923073 0.11538461538461542 0.1298076923076923
6 0.2331730769230769 0.5757211538461539 0.08413461538461536 0.09495192307692313
6 0.11538461538461539 0.8605769230769231 0.18269230769230765 0.18389423076923073
0 0.24639423076923078 0.7596153846153846 0.13701923076923075 0.09254807692307698
5 0.5348557692307694 0.7848557692307692 0.4254807692307693 0.12620192307692302
5 0.5300480769230769 0.578125 0.36298076923076916 0.20913461538461542
5 0.7139423076923077 0.23557692307692313 0.421875 0.1983173076923077
3 0.5036057692307693 0.8822115384615385 0.9759615384615385 0.23076923076923073
3 0.5805288461538461 0.7704326923076923 0.8197115384615385 0.16586538461538458
3 0.5889423076923077 0.5637019230769231 0.8028846153846154 0.25360576923076916
3 0.6514423076923077 0.2560096153846155 0.671875 0.21995192307692302
