4 0.3245192307692307 0.8653846153846154 0.06850961538461536 0.06129807692307698
4 0.35697115384615385 0.7536057692307692 0.05528846153846151 0.055288461538461564
4 0.3317307692307693 0.6382211538461539 0.04567307692307693 0.05168269230769229
4 0.3473557692307693 0.5612980769230769 0.04567307692307693 0.04567307692307698
4 0.35697115384615385 0.40504807692307687 0.03846153846153849 0.04206730769230771
4 0.3497596153846154 0.30649038461538464 0.04086538461538464 0.027644230769230727
4 0.28004807692307687 0.08293269230769229 0.05288461538461536 0.05288461538461542
6 0.35216346153846156 0.28245192307692313 0.05528846153846151 0.05168269230769229
3 0.5805288461538461 0.8701923076923077 0.5865384615384615 0.125
3 0.5685096153846154 0.7548076923076923 0.485576923076923 0.11538461538461542
3 0.5456730769230769 0.6574519230769231 0.4891826923076923 0.08173076923076916
3 0.53125 0.5588942307692308 0.4122596153846154 0.11899038461538469
3 0.5252403846153846 0.40384615384615385 0.4158653846153846 0.11418269230769229
3 0.5492788461538461 0.2620192307692307 0.43629807692307687 0.11899038461538458
3 0.5072115384615383 0.3233173076923077 0.3401442307692307 0.05288461538461542
3 0.5120192307692307 0.08653846153846156 0.5204326923076923 0.125
