4 0.7355769230769231 0.6935096153846154 0.12620192307692302 0.11899038461538469
4 0.609375 0.36658653846153844 0.10576923076923084 0.10817307692307687
4 0.375 0.5216346153846154 0.10336538461538458 0.13100961538461542
4 0.3341346153846155 0.6598557692307692 0.07932692307692302 0.06971153846153844
5 0.8677884615384616 0.4951923076923077 0.24038461538461542 0.3185096153846154
5 0.17427884615384615 0.4411057692307693 0.31129807692307687 0.2608173076923077
3 0.8317307692307692 0.37740384615384615 0.3161057692307693 0.7487980769230769
3 0.2235576923076923 0.29447115384615385 0.4158653846153846 0.5865384615384615
3 0.3245192307692307 0.43629807692307687 0.1514423076923077 0.5216346153846154
3 0.5576923076923077 0.2752403846153846 0.24399038461538458 0.3125
