3 0.16225961538461536 0.42427884615384615 0.23317307692307698 0.7199519230769231
3 0.36538461538461536 0.45432692307692313 0.14182692307692302 0.5612980769230769
3 0.4675480769230769 0.48557692307692313 0.2451923076923076 0.8076923076923077
6 0.20192307692307687 0.7367788461538461 0.08413461538461542 0.07331730769230771
6 0.3701923076923077 0.6911057692307693 0.078125 0.08293269230769229
6 0.41826923076923084 0.8257211538461539 0.10336538461538458 0.10456730769230771
5 0.18149038461538464 0.5432692307692308 0.18870192307692302 0.2872596153846153
5 0.373798076923077 0.5144230769230769 0.14182692307692313 0.2536057692307693
5 0.483173076923077 0.5865384615384616 0.17307692307692313 0.34254807692307687
1 0.21274038461538458 0.6971153846153846 0.04086538461538458 0.030048076923076983
1 0.376201923076923 0.6550480769230769 0.04206730769230771 0.019230769230769273
1 0.4122596153846153 0.7776442307692308 0.03605769230769229 0.030048076923076983
