6 0.6971153846153846 0.6033653846153846 0.06129807692307698 0.04567307692307698
4 0.8942307692307692 0.3125 0.10336538461538469 0.12860576923076916
5 0.6490384615384616 0.29567307692307687 0.30048076923076916 0.18149038461538458
5 0.6370192307692307 0.6454326923076923 0.10456730769230771 0.07451923076923084
3 0.5973557692307693 0.6394230769230769 0.2548076923076923 0.11298076923076927
3 0.4879807692307693 0.3088942307692307 0.9302884615384615 0.234375
5 0.6189903846153846 0.7295673076923077 0.03125 0.015625
6 0.6442307692307692 0.7235576923076923 0.012019230769230838 0.015625
3 0.6189903846153846 0.7235576923076923 0.07211538461538458 0.03125
1 0.8557692307692308 0.3161057692307692 0.04086538461538469 0.06610576923076927
