5 0.48197115384615385 0.21394230769230768 0.4110576923076923 0.17788461538461536
5 0.5480769230769231 0.3389423076923077 0.4326923076923077 0.203125
5 0.5144230769230769 0.828125 0.4483173076923077 0.17788461538461542
6 0.15745192307692307 0.22235576923076922 0.0877403846153846 0.09735576923076925
6 0.24278846153846154 0.671875 0.10817307692307693 0.09975961538461542
7 0.22115384615384612 0.36298076923076916 0.11778846153846151 0.11538461538461536
0 0.2608173076923077 0.5036057692307693 0.09735576923076925 0.10817307692307687
0 0.1346153846153846 0.5612980769230769 0.09495192307692307 0.10576923076923073
0 0.14903846153846154 0.8197115384615384 0.10576923076923078 0.10336538461538458
3 0.469951923076923 0.21153846153846154 0.7331730769230769 0.21394230769230765
3 0.48076923076923084 0.33653846153846156 0.625 0.1887019230769231
3 0.47596153846153844 0.5 0.5480769230769231 0.17548076923076916
3 0.23798076923076922 0.5612980769230769 0.3245192307692307 0.14182692307692302
3 0.5048076923076923 0.6646634615384616 0.625 0.15504807692307687
3 0.5192307692307693 0.828125 0.8822115384615385 0.22836538461538458
