6 0.7091346153846154 0.8413461538461539 0.043269230769230727 0.04206730769230771
6 0.6754807692307693 0.5336538461538461 0.04807692307692313 0.04567307692307687
6 0.6189903846153847 0.545673076923077 0.04807692307692313 0.04206730769230771
6 0.33653846153846156 0.6189903846153846 0.03245192307692313 0.038461538461538436
6 0.24879807692307693 0.6129807692307692 0.038461538461538436 0.03125
6 0.6262019230769231 0.31730769230769235 0.046875 0.07451923076923073
5 0.7067307692307692 0.7548076923076923 0.0625 0.109375
5 0.6622596153846154 0.24278846153846156 0.09254807692307698 0.1358173076923077
5 0.6682692307692308 0.44951923076923067 0.08173076923076916 0.12860576923076927
5 0.6153846153846153 0.4543269230769232 0.06129807692307687 0.12620192307692302
3 0.6550480769230769 0.24278846153846156 0.1310096153846153 0.21875
3 0.671875 0.4723557692307693 0.09735576923076916 0.19471153846153855
3 0.6177884615384616 0.48557692307692313 0.07331730769230771 0.1875
3 0.7103365384615384 0.7199519230769231 0.11418269230769229 0.3004807692307693
3 0.3497596153846155 0.5504807692307692 0.09014423076923073 0.1875
3 0.2620192307692307 0.5612980769230769 0.09375 0.15625
