3 0.5552884615384616 0.17427884615384615 0.8822115384615385 0.2079326923076923
3 0.59375 0.34615384615384615 0.8064903846153846 0.2019230769230769
3 0.5120192307692307 0.5252403846153846 0.9651442307692306 0.24038461538461542
3 0.5324519230769231 0.7127403846153846 0.9314903846153846 0.19711538461538458
3 0.5300480769230769 0.8762019230769231 0.9375 0.17788461538461542
5 0.47596153846153844 0.17067307692307693 0.4014423076923077 0.18389423076923075
5 0.4891826923076923 0.7151442307692307 0.43389423076923084 0.1766826923076923
5 0.43990384615384615 0.8762019230769231 0.4134615384615385 0.1766826923076923
4 0.13221153846153846 0.7127403846153846 0.12620192307692307 0.10456730769230771
2 0.18389423076923078 0.1971153846153846 0.13221153846153844 0.09014423076923078
2 0.2668269230769231 0.3641826923076923 0.11298076923076925 0.08173076923076922
2 0.09735576923076923 0.5324519230769231 0.1346153846153846 0.09495192307692302
2 0.13341346153846154 0.8605769230769231 0.14182692307692307 0.09375
