7 0.3918269230769231 0.17307692307692307 0.06370192307692302 0.055288461538461536
7 0.47235576923076916 0.2403846153846154 0.0625 0.06610576923076922
7 0.3870192307692307 0.2824519230769231 0.05168269230769229 0.046875
7 0.4447115384615384 0.3473557692307693 0.05288461538461531 0.05649038461538464
7 0.30288461538461536 0.4639423076923077 0.034855769230769273 0.027644230769230782
7 0.3245192307692308 0.627403846153846 0.04567307692307698 0.038461538461538436
7 0.1766826923076923 0.6658653846153846 0.03725961538461542 0.02644230769230771
7 0.28125 0.7872596153846154 0.046875 0.043269230769230727
7 0.28245192307692313 0.7091346153846154 0.046875 0.034855769230769273
0 0.35216346153846156 0.3858173076923077 0.04807692307692313 0.04326923076923078
0 0.3221153846153846 0.5444711538461537 0.03125 0.038461538461538436
0 0.3810096153846154 0.5649038461538461 0.05889423076923084 0.04807692307692313
6 0.360576923076923 0.8509615384615383 0.05168269230769229 0.058894230769230727
6 0.3401442307692308 0.7487980769230769 0.055288461538461564 0.04567307692307687
6 0.3125 0.3125 0.04326923076923084 0.04326923076923078
6 0.391826923076923 0.4471153846153846 0.05769230769230771 0.04807692307692307
5 0.6598557692307693 0.24879807692307693 0.28245192307692313 0.14182692307692304
5 0.6189903846153846 0.36057692307692313 0.26923076923076916 0.11899038461538464
5 0.45673076923076916 0.3918269230769231 0.14423076923076916 0.078125
5 0.5192307692307693 0.4579326923076923 0.1923076923076923 0.08774038461538458
5 0.5144230769230769 0.5661057692307693 0.18870192307692302 0.09375
5 0.515625 0.6586538461538461 0.23076923076923084 0.11057692307692313
5 0.46995192307692313 0.7427884615384615 0.19951923076923084 0.09014423076923073
5 0.4951923076923077 0.8449519230769231 0.21274038461538458 0.10576923076923073
5 0.3701923076923077 0.7944711538461537 0.11298076923076916 0.06971153846153844
5 0.35576923076923084 0.703125 0.10576923076923084 0.08173076923076927
5 0.391826923076923 0.546875 0.08894230769230771 0.06850961538461542
3 0.6262019230769231 0.18028846153846154 0.5276442307692308 0.16586538461538464
3 0.6814903846153846 0.2560096153846153 0.469951923076923 0.13581730769230765
3 0.6454326923076923 0.36057692307692313 0.4435096153846154 0.15264423076923078
3 0.4423076923076923 0.39302884615384615 0.22836538461538458 0.08653846153846151
3 0.39182692307692313 0.31971153846153844 0.19951923076923084 0.08894230769230771
3 0.6021634615384616 0.46153846153846156 0.4795673076923077 0.09735576923076922
3 0.37379807692307687 0.47235576923076916 0.16225961538461542 0.08413461538461536
3 0.3677884615384615 0.5456730769230769 0.13701923076923073 0.08173076923076927
3 0.5817307692307694 0.5600961538461539 0.4411057692307693 0.08293269230769229
3 0.3689903846153847 0.6274038461538461 0.12620192307692313 0.06129807692307687
3 0.5757211538461539 0.6586538461538461 0.45432692307692313 0.09254807692307687
3 0.5480769230769231 0.7439903846153846 0.47235576923076916 0.09014423076923073
3 0.5012019230769231 0.84375 0.3377403846153846 0.10576923076923073
3 0.33052884615384615 0.7908653846153846 0.1514423076923077 0.06730769230769229
3 0.23798076923076922 0.6730769230769231 0.1658653846153847 0.08413461538461542
