6 0.4050480769230769 0.18028846153846156 0.10456730769230771 0.109375
6 0.5036057692307693 0.3125 0.07331730769230771 0.078125
6 0.5516826923076923 0.3701923076923077 0.0625 0.05288461538461542
6 0.5901442307692307 0.4447115384615384 0.03605769230769229 0.034855769230769273
6 0.5949519230769231 0.6610576923076923 0.050480769230769273 0.04086538461538458
5 0.6502403846153846 0.12620192307692307 0.3545673076923077 0.21754807692307698
5 0.7091346153846154 0.27884615384615385 0.2920673076923077 0.1298076923076923
5 0.6850961538461537 0.36298076923076916 0.19471153846153844 0.06610576923076916
5 0.6887019230769231 0.4302884615384616 0.12860576923076916 0.058894230769230727
5 0.6971153846153846 0.6610576923076923 0.13701923076923084 0.07451923076923073
5 0.6334134615384616 0.7043269230769231 0.10456730769230771 0.05649038461538458
3 0.6742788461538461 0.12139423076923073 0.6418269230769231 0.2235576923076923
3 0.7319711538461539 0.28125 0.5324519230769231 0.125
3 0.7560096153846154 0.36057692307692313 0.4795673076923077 0.07211538461538458
3 0.7584134615384616 0.4278846153846153 0.4014423076923077 0.09254807692307687
3 0.7716346153846154 0.6838942307692307 0.4170673076923077 0.11899038461538458
3 0.6959134615384616 0.7127403846153846 0.3545673076923077 0.109375
