6 0.1802884615384615 0.36899038461538464 0.058894230769230727 0.05769230769230771
6 0.2620192307692308 0.3762019230769231 0.04086538461538469 0.0625
6 0.3605769230769231 0.359375 0.04567307692307698 0.05889423076923078
6 0.45192307692307687 0.37259615384615385 0.05288461538461542 0.06129807692307693
6 0.5168269230769231 0.38100961538461536 0.05288461538461542 0.06971153846153844
6 0.5889423076923077 0.36057692307692313 0.058894230769230727 0.05649038461538464
5 0.18149038461538464 0.5276442307692307 0.0673076923076924 0.22475961538461542
5 0.2608173076923077 0.5276442307692308 0.10576923076923084 0.20673076923076927
5 0.359375 0.5132211538461539 0.09975961538461542 0.20432692307692313
5 0.45673076923076916 0.5060096153846154 0.08173076923076916 0.19951923076923084
5 0.5252403846153846 0.5324519230769231 0.10817307692307698 0.21514423076923084
5 0.6177884615384616 0.5240384615384616 0.09855769230769229 0.2259615384615385
3 0.18149038461538464 0.5697115384615383 0.0673076923076924 0.4495192307692307
3 0.264423076923077 0.5600961538461539 0.11418269230769229 0.4302884615384615
3 0.36177884615384615 0.5637019230769231 0.12379807692307687 0.4579326923076923
3 0.46153846153846156 0.5721153846153846 0.09375 0.47235576923076916
3 0.5264423076923077 0.6021634615384616 0.12139423076923084 0.5576923076923077
3 0.6129807692307693 0.6298076923076923 0.12379807692307687 0.6526442307692308
