7 0.7512019230769231 0.49879807692307687 0.043269230769230727 0.042067307692307654
3 0.75 0.5853365384615384 0.09014423076923084 0.2451923076923077
3 0.06850961538461542 0.7572115384615384 0.13100961538461542 0.25
3 0.640625 0.7860576923076923 0.09375 0.21274038461538458
7 0.8894230769230769 0.7872596153846154 0.058894230769230727 0.050480769230769273
7 0.14423076923076922 0.8341346153846154 0.050480769230769273 0.05649038461538458
3 0.875 0.8581730769230769 0.15985576923076916 0.23557692307692302
3 0.17307692307692313 0.8954326923076923 0.15264423076923084 0.1875
3 0.6778846153846153 0.1502403846153846 0.06730769230769229 0.17548076923076922
3 0.4278846153846154 0.15865384615384615 0.05288461538461542 0.15745192307692307
