5 0.5661057692307694 0.23076923076923084 0.08173076923076927 0.13461538461538458
5 0.46514423076923084 0.2427884615384615 0.10336538461538464 0.12860576923076927
3 0.5612980769230769 0.30288461538461536 0.09975961538461542 0.39903846153846156
3 0.47115384615384615 0.3088942307692308 0.10817307692307687 0.389423076923077
7 0.6394230769230769 0.3629807692307693 0.034855769230769273 0.03605769230769229
6 0.6442307692307694 0.47235576923076916 0.034855769230769273 0.046875
7 0.45673076923076916 0.4927884615384616 0.04807692307692307 0.043269230769230727
7 0.5612980769230769 0.5012019230769231 0.046875 0.05048076923076916
7 0.7247596153846154 0.5012019230769231 0.043269230769230727 0.05048076923076916
0 0.7884615384615384 0.5036057692307692 0.04807692307692313 0.050480769230769273
7 0.358173076923077 0.5072115384615384 0.04086538461538464 0.04206730769230771
0 0.12379807692307693 0.5072115384615384 0.03605769230769229 0.05528846153846145
6 0.25961538461538464 0.5576923076923077 0.043269230769230754 0.046875
5 0.640625 0.609375 0.09975961538461542 0.171875
5 0.5528846153846154 0.6237980769230769 0.08173076923076927 0.1358173076923077
5 0.7199519230769231 0.6237980769230769 0.07692307692307698 0.1514423076923077
5 0.8064903846153846 0.6310096153846154 0.09975961538461542 0.15264423076923084
5 0.109375 0.6370192307692307 0.09735576923076922 0.1514423076923077
5 0.46033653846153844 0.6490384615384616 0.10096153846153849 0.1923076923076923
5 0.3557692307692308 0.6682692307692307 0.08894230769230771 0.1983173076923077
3 0.6370192307692307 0.6911057692307693 0.08413461538461542 0.48317307692307687
5 0.2644230769230769 0.6971153846153846 0.08653846153846156 0.15504807692307698
3 0.8028846153846154 0.7019230769230769 0.09495192307692302 0.4423076923076923
3 0.7151442307692306 0.7043269230769231 0.09014423076923073 0.453125
3 0.5420673076923077 0.7067307692307693 0.08173076923076927 0.4735576923076923
3 0.45552884615384615 0.7091346153846154 0.11778846153846151 0.46875
5 0.1875 0.7115384615384616 0.06610576923076925 0.140625
3 0.11298076923076925 0.7175480769230769 0.11057692307692309 0.4639423076923077
3 0.36177884615384615 0.7199519230769231 0.09254807692307693 0.46514423076923084
3 0.2668269230769231 0.7379807692307693 0.10817307692307696 0.40504807692307687
3 0.18389423076923078 0.7439903846153846 0.07692307692307693 0.3954326923076923
6 0.5612980769230769 0.11778846153846156 0.04206730769230771 0.03846153846153855
6 0.4747596153846154 0.13100961538461542 0.04326923076923078 0.03725961538461542
