6 0.7716346153846154 0.24519230769230768 0.078125 0.07451923076923078
7 0.6274038461538461 0.25600961538461536 0.07932692307692313 0.08173076923076925
6 0.45552884615384615 0.25721153846153844 0.06370192307692307 0.06850961538461542
7 0.24038461538461542 0.37259615384615385 0.06250000000000003 0.06730769230769229
5 0.7764423076923077 0.4411057692307693 0.15024038461538458 0.25120192307692313
5 0.46153846153846156 0.47596153846153844 0.15504807692307687 0.26682692307692313
5 0.6370192307692307 0.4807692307692307 0.14182692307692313 0.28004807692307687
5 0.22475961538461542 0.5588942307692307 0.14663461538461542 0.23557692307692313
3 0.8016826923076923 0.5709134615384616 0.23798076923076916 0.7668269230769231
3 0.6298076923076923 0.6009615384615384 0.22235576923076916 0.7860576923076923
3 0.4591346153846154 0.6021634615384616 0.19711538461538464 0.7668269230769231
3 0.21153846153846154 0.6394230769230769 0.23557692307692307 0.6730769230769231
