6 0.29447115384615385 0.8004807692307692 0.1550480769230769 0.21153846153846156
6 0.9651442307692308 0.7872596153846154 0.06610576923076927 0.15985576923076916
1 0.6394230769230769 0.7740384615384616 0.11899038461538458 0.07692307692307687
6 0.921875 0.7596153846153846 0.09735576923076927 0.18149038461538458
1 0.3028846153846154 0.7223557692307692 0.10336538461538464 0.05288461538461531
6 0.48076923076923084 0.71875 0.15264423076923084 0.234375
1 0.9146634615384616 0.6802884615384617 0.07932692307692313 0.06610576923076927
1 0.4699519230769231 0.6009615384615384 0.10096153846153844 0.04807692307692313
3 0.671875 0.4939903846153846 0.2752403846153846 0.984375
5 0.13701923076923078 0.4627403846153846 0.2620192307692307 0.6237980769230769
3 0.28846153846153844 0.4627403846153846 0.1418269230769231 0.9098557692307692
3 0.9387019230769231 0.43629807692307687 0.12019230769230771 0.8713942307692308
3 0.8473557692307693 0.43629807692307687 0.21875 0.8689903846153846
3 0.46033653846153844 0.42067307692307687 0.2259615384615385 0.8293269230769231
5 0.6658653846153846 0.3401442307692307 0.2548076923076923 0.6778846153846154
5 0.8353365384615384 0.3173076923076923 0.10456730769230771 0.625
5 0.44711538461538464 0.28846153846153844 0.24278846153846156 0.5733173076923077
5 0.9338942307692307 0.27403846153846156 0.1298076923076923 0.5456730769230769
5 0.30288461538461536 0.19711538461538458 0.10456730769230771 0.3028846153846154
6 0.1346153846153846 0.15985576923076927 0.15144230769230765 0.265625
6 0.6322115384615384 0.8846153846153846 0.1670673076923077 0.19110576923076916
2 0.1622596153846154 0.8641826923076923 0.12139423076923078 0.25
