7 0.20432692307692307 0.2247596153846154 0.06370192307692302 0.046875
7 0.25 0.36538461538461536 0.07211538461538458 0.03605769230769229
7 0.2139423076923077 0.296875 0.0625 0.04086538461538464
7 0.21153846153846156 0.49639423076923084 0.046875 0.046875000000000056
5 0.3557692307692307 0.36778846153846156 0.1358173076923077 0.06610576923076922
5 0.34615384615384615 0.5096153846153846 0.15504807692307687 0.06610576923076922
5 0.3064903846153846 0.20673076923076922 0.14663461538461542 0.06129807692307693
3 0.36778846153846156 0.2127403846153846 0.39423076923076916 0.09014423076923078
3 0.38221153846153844 0.2860576923076923 0.3858173076923077 0.09375
3 0.38822115384615385 0.373798076923077 0.3641826923076923 0.13461538461538464
3 0.3786057692307693 0.5072115384615384 0.3858173076923077 0.08894230769230771
