3 0.3185096153846154 0.6466346153846154 0.484375 0.08413461538461542
3 0.3221153846153846 0.5612980769230769 0.4903846153846154 0.11899038461538458
3 0.31490384615384615 0.4567307692307693 0.45432692307692313 0.10817307692307687
3 0.6274038461538461 0.03846153846153849 0.45432692307692313 0.07451923076923073
6 0.5324519230769231 0.6334134615384616 0.05048076923076916 0.04807692307692313
6 0.530048076923077 0.6033653846153847 0.04206730769230771 0.04807692307692313
6 0.5120192307692308 0.46153846153846156 0.050480769230769273 0.0625
5 0.41346153846153844 0.6418269230769231 0.1610576923076923 0.078125
5 0.41466346153846156 0.5745192307692307 0.15504807692307687 0.10456730769230771
5 0.39302884615384615 0.45432692307692313 0.15504807692307687 0.07331730769230771
5 0.6995192307692308 0.037259615384615474 0.17788461538461542 0.06971153846153844
