2 0.921875 0.8185096153846154 0.13461538461538458 0.2079326923076924
2 0.7524038461538461 0.7884615384615384 0.09495192307692313 0.14182692307692313
2 0.25721153846153844 0.7752403846153846 0.08413461538461542 0.13221153846153844
2 0.038461538461538436 0.7463942307692308 0.07211538461538458 0.125
2 0.5817307692307692 0.7415865384615384 0.06370192307692302 0.12379807692307687
2 0.8088942307692307 0.7271634615384616 0.04206730769230771 0.10096153846153855
2 0.38942307692307687 0.7127403846153847 0.06129807692307687 0.08894230769230771
2 0.7295673076923077 0.686298076923077 0.04326923076923084 0.08293269230769229
3 0.3846153846153846 0.5072115384615384 0.109375 0.49639423076923084
3 0.07451923076923073 0.4723557692307693 0.1454326923076923 0.6802884615384615
3 0.9050480769230769 0.4651442307692307 0.16346153846153844 0.8870192307692306
3 0.5757211538461539 0.4591346153846154 0.17307692307692313 0.6826923076923077
3 0.7463942307692308 0.4314903846153846 0.19951923076923073 0.8497596153846154
3 0.27403846153846156 0.4254807692307693 0.19350961538461542 0.8485576923076923
