5 0.3341346153846155 0.6502403846153846 0.10096153846153844 0.055288461538461564
3 0.33774038461538464 0.625 0.12620192307692302 0.15625
5 0.5288461538461539 0.16586538461538458 0.07331730769230771 0.0625
5 0.4699519230769231 0.15384615384615385 0.055288461538461564 0.06730769230769229
5 0.22836538461538453 0.14182692307692307 0.07692307692307698 0.07692307692307698
3 0.5276442307692308 0.13221153846153844 0.09735576923076927 0.18870192307692313
5 0.40504807692307687 0.12379807692307693 0.08293269230769229 0.07451923076923073
3 0.2427884615384615 0.12379807692307687 0.09735576923076927 0.17548076923076916
3 0.4723557692307693 0.11778846153846156 0.07211538461538458 0.171875
3 0.4110576923076923 0.11538461538461547 0.10336538461538458 0.15745192307692302
3 0.18028846153846156 0.109375 0.07692307692307687 0.14663461538461542
5 0.171875 0.10817307692307687 0.05649038461538458 0.08774038461538458
