6 0.16225961538461542 0.7848557692307692 0.078125 0.07692307692307698
6 0.3016826923076923 0.36658653846153844 0.07211538461538458 0.09855769230769229
6 0.5396634615384615 0.8257211538461539 0.06971153846153844 0.09855769230769229
6 0.6911057692307692 0.6009615384615384 0.07451923076923073 0.07692307692307687
5 0.3088942307692308 0.2704326923076923 0.12139423076923073 0.109375
5 0.15384615384615385 0.6971153846153847 0.08894230769230771 0.11418269230769229
5 0.8004807692307693 0.5685096153846154 0.13100961538461542 0.1670673076923076
3 0.3221153846153847 0.26442307692307687 0.1766826923076923 0.32451923076923084
3 0.16947115384615385 0.6550480769230769 0.13221153846153855 0.3533653846153847
3 0.5721153846153846 0.7415865384615384 0.14903846153846156 0.31971153846153855
3 0.7524038461538461 0.5024038461538461 0.2235576923076923 0.3389423076923077
