4 0.7067307692307692 0.38822115384615385 0.12860576923076927 0.13942307692307693
4 0.47596153846153844 0.4723557692307692 0.06129807692307687 0.06610576923076927
4 0.12860576923076927 0.46875 0.05769230769230771 0.06610576923076922
4 0.5985576923076923 0.49278846153846156 0.03125 0.03846153846153849
4 0.5432692307692308 0.5132211538461539 0.027644230769230727 0.030048076923076872
4 0.22235576923076933 0.483173076923077 0.038461538461538436 0.04567307692307693
4 0.4098557692307693 0.59375 0.04567307692307687 0.058894230769230727
0 0.9567307692307693 0.47596153846153844 0.046875 0.03725961538461536
7 0.6346153846153847 0.4495192307692307 0.04206730769230771 0.07692307692307693
3 0.9495192307692307 0.6538461538461539 0.078125 0.40745192307692313
3 0.8605769230769231 0.6670673076923077 0.11057692307692302 0.453125
3 0.7007211538461539 0.6550480769230769 0.28004807692307687 0.6153846153846154
3 0.48317307692307687 0.7163461538461539 0.11899038461538458 0.5637019230769231
3 0.6177884615384616 0.5829326923076923 0.09855769230769229 0.36298076923076916
3 0.5336538461538461 0.6129807692307693 0.07331730769230771 0.25120192307692313
3 0.3028846153846155 0.7259615384615384 0.17307692307692302 0.4927884615384615
3 0.21033653846153844 0.6358173076923077 0.09495192307692313 0.3689903846153846
3 0.13701923076923067 0.5300480769230769 0.11298076923076927 0.19110576923076916
3 0.08774038461538458 0.7211538461538461 0.1670673076923077 0.5264423076923077
2 0.8389423076923077 0.47596153846153844 0.0625 0.09375
2 0.07572115384615385 0.5060096153846154 0.07331730769230771 0.12379807692307698
