3 0.6262019230769231 0.6466346153846154 0.5168269230769231 0.1346153846153847
3 0.6442307692307693 0.7079326923076923 0.4014423076923077 0.078125
3 0.6502403846153846 0.592548076923077 0.390625 0.07331730769230771
3 0.6454326923076923 0.49399038461538464 0.5192307692307692 0.11057692307692302
3 0.6189903846153846 0.5552884615384616 0.4302884615384616 0.05769230769230771
3 0.6526442307692307 0.44591346153846156 0.3509615384615385 0.04206730769230771
3 0.6442307692307693 0.40625 0.3990384615384615 0.0625
3 0.6418269230769231 0.37620192307692313 0.4170673076923077 0.08293269230769229
3 0.6201923076923077 0.2980769230769231 0.4939903846153846 0.11778846153846156
6 0.47115384615384615 0.7007211538461539 0.04807692307692307 0.03846153846153855
6 0.40384615384615385 0.6430288461538461 0.06370192307692307 0.04567307692307687
6 0.4098557692307692 0.5108173076923077 0.05168269230769229 0.05048076923076916
6 0.43028846153846156 0.5348557692307692 0.05168269230769229 0.027644230769230838
6 0.5012019230769231 0.4435096153846154 0.046875 0.03125
6 0.469951923076923 0.3966346153846154 0.05048076923076922 0.04086538461538458
6 0.4519230769230769 0.3581730769230769 0.0625 0.038461538461538436
6 0.40264423076923084 0.30168269230769224 0.05649038461538464 0.050480769230769273
6 0.5564903846153846 0.6478365384615384 0.2235576923076923 0.13221153846153855
6 0.6009615384615383 0.7115384615384616 0.16346153846153844 0.06850961538461542
6 0.5841346153846154 0.5829326923076923 0.1826923076923077 0.05288461538461542
6 0.5697115384615384 0.5096153846153846 0.1923076923076923 0.11298076923076927
6 0.5889423076923077 0.4158653846153845 0.15264423076923084 0.055288461538461564
6 0.5817307692307693 0.37139423076923067 0.17788461538461542 0.06610576923076927
6 0.5516826923076923 0.30528846153846156 0.20673076923076916 0.11418269230769229
