5 0.8257211538461539 0.34254807692307687 0.03846153846153855 0.06730769230769229
5 0.75 0.38100961538461536 0.02163461538461542 0.050480769230769273
5 0.6862980769230769 0.3870192307692307 0.03725961538461531 0.05769230769230771
7 0.8269230769230769 0.39903846153846156 0.019230769230769273 0.02644230769230771
4 0.7463942307692307 0.4146634615384615 0.02043269230769229 0.024038461538461564
0 0.5745192307692308 0.43269230769230765 0.016826923076923017 0.019230769230769273
7 0.4567307692307693 0.545673076923077 0.016826923076923128 0.016826923076923128
3 0.8257211538461539 0.3161057692307693 0.05528846153846145 0.1923076923076923
3 0.7439903846153846 0.3629807692307693 0.043269230769230727 0.14182692307692313
3 0.6899038461538461 0.35216346153846156 0.03846153846153855 0.15745192307692313
3 0.5769230769230769 0.38822115384615385 0.046875 0.12019230769230771
3 0.453125 0.5048076923076923 0.046875 0.11298076923076916
