5 0.18870192307692307 0.5973557692307694 0.11418269230769229 0.22235576923076927
5 0.29086538461538464 0.5769230769230769 0.11778846153846156 0.2139423076923077
5 0.3942307692307693 0.5697115384615384 0.12139423076923078 0.21995192307692313
5 0.6033653846153846 0.5889423076923077 0.09855769230769229 0.20673076923076916
5 0.7151442307692306 0.5745192307692307 0.10576923076923073 0.20192307692307687
4 0.18389423076923078 0.4182692307692308 0.06971153846153846 0.06971153846153844
4 0.2920673076923077 0.4122596153846154 0.06850961538461542 0.05889423076923078
4 0.2548076923076923 0.3401442307692308 0.06610576923076925 0.0625
4 0.3581730769230769 0.33653846153846156 0.05168269230769229 0.05528846153846151
4 0.39903846153846156 0.3870192307692307 0.06610576923076922 0.05288461538461536
4 0.49639423076923084 0.41346153846153844 0.05649038461538464 0.05528846153846151
4 0.5252403846153846 0.35576923076923084 0.05889423076923078 0.05889423076923078
4 0.5997596153846154 0.4254807692307693 0.05168269230769229 0.06370192307692307
4 0.6490384615384615 0.39182692307692313 0.058894230769230727 0.06370192307692307
4 0.7127403846153846 0.4074519230769231 0.06971153846153844 0.06730769230769229
4 0.7980769230769231 0.41225961538461536 0.05769230769230771 0.06730769230769229
3 0.17067307692307693 0.6935096153846154 0.14663461538461542 0.6105769230769231
3 0.2932692307692308 0.6766826923076923 0.12379807692307696 0.5901442307692308
3 0.39783653846153844 0.6682692307692307 0.12019230769230771 0.6201923076923077
3 0.5036057692307693 0.6754807692307693 0.12620192307692313 0.5625
3 0.35576923076923084 0.3786057692307693 0.07932692307692307 0.16105769230769235
3 0.2536057692307692 0.38822115384615385 0.06730769230769229 0.17067307692307693
3 0.5384615384615384 0.407451923076923 0.06129807692307687 0.13581730769230765
3 0.6081730769230769 0.6850961538461539 0.109375 0.5576923076923077
3 0.6478365384615384 0.44471153846153844 0.07692307692307687 0.171875
3 0.7199519230769231 0.6658653846153846 0.12139423076923073 0.5637019230769231
3 0.8317307692307693 0.6682692307692307 0.16586538461538458 0.5769230769230769
