5 0.8257211538461539 0.421875 0.08894230769230771 0.22235576923076916
5 0.765625 0.42908653846153844 0.109375 0.21754807692307687
5 0.5216346153846154 0.44110576923076916 0.09735576923076927 0.21874999999999994
5 0.5709134615384616 0.4266826923076923 0.06129807692307687 0.19951923076923084
3 0.828125 0.5168269230769231 0.08774038461538458 0.5949519230769231
3 0.7560096153846154 0.5300480769230769 0.13701923076923084 0.5997596153846154
3 0.5120192307692308 0.5420673076923077 0.12379807692307698 0.59375
6 0.8088942307692308 0.24759615384615388 0.04086538461538458 0.06971153846153849
6 0.7584134615384616 0.26802884615384615 0.04206730769230771 0.0637019230769231
6 0.5276442307692307 0.2800480769230769 0.04206730769230771 0.05769230769230771
