5 0.1502403846153846 0.6514423076923077 0.09495192307692307 0.16586538461538458
5 0.38822115384615385 0.7199519230769231 0.10096153846153849 0.15745192307692302
5 0.5865384615384616 0.5504807692307692 0.12620192307692313 0.2235576923076924
5 0.8245192307692308 0.5564903846153846 0.12860576923076927 0.2247596153846153
5 0.7307692307692308 0.5925480769230769 0.11778846153846156 0.1923076923076924
5 0.890625 0.5901442307692308 0.09375 0.20913461538461542
6 0.44350961538461536 0.8052884615384616 0.055288461538461564 0.06730769230769229
7 0.59375 0.7271634615384616 0.06610576923076927 0.06370192307692313
7 0.8028846153846154 0.71875 0.07451923076923073 0.06610576923076916
6 0.8557692307692307 0.7427884615384616 0.06129807692307687 0.06129807692307687
3 0.1346153846153846 0.5588942307692308 0.12980769230769235 0.421875
3 0.40384615384615385 0.6225961538461539 0.13942307692307693 0.43629807692307687
3 0.5829326923076923 0.4639423076923077 0.19350961538461542 0.5901442307692308
3 0.7223557692307693 0.4735576923076923 0.13942307692307687 0.5877403846153846
3 0.8221153846153846 0.4579326923076923 0.171875 0.5877403846153846
3 0.8774038461538461 0.5120192307692308 0.12019230769230771 0.5348557692307693
