2 0.8305288461538461 0.25721153846153844 0.05769230769230771 0.10336538461538458
2 0.6995192307692308 0.265625 0.07211538461538469 0.11298076923076925
2 0.24278846153846156 0.28245192307692313 0.06129807692307687 0.10336538461538464
2 0.3305288461538462 0.28846153846153844 0.06971153846153844 0.12139423076923075
2 0.8533653846153846 0.3016826923076923 0.07211538461538458 0.13461538461538458
2 0.484375 0.3028846153846154 0.06610576923076916 0.12980769230769235
3 0.6826923076923077 0.5576923076923077 0.171875 0.6814903846153846
3 0.5 0.578125 0.19951923076923084 0.6935096153846154
3 0.21514423076923067 0.5877403846153846 0.14423076923076927 0.7307692307692308
3 0.3125 0.5997596153846154 0.203125 0.7596153846153846
3 0.8545673076923077 0.6129807692307693 0.171875 0.7403846153846154
