5 0.8665865384615384 0.5480769230769231 0.16346153846153855 0.2908653846153846
5 0.7175480769230769 0.5637019230769231 0.16826923076923073 0.328125
5 0.5480769230769231 0.29927884615384615 0.171875 0.2295673076923077
5 0.2644230769230769 0.6045673076923077 0.12139423076923073 0.32451923076923084
5 0.1514423076923077 0.6165865384615384 0.11899038461538458 0.31129807692307687
5 0.24639423076923073 0.3137019230769232 0.15625 0.18870192307692302
7 0.8509615384615384 0.7596153846153846 0.09855769230769229 0.08293269230769229
7 0.7307692307692308 0.8149038461538461 0.08774038461538469 0.08653846153846145
7 0.43149038461538464 0.35817307692307687 0.07451923076923073 0.15024038461538458
7 0.35697115384615385 0.3377403846153846 0.07331730769230771 0.14663461538461542
6 0.25961538461538464 0.8353365384615384 0.07932692307692302 0.07932692307692313
6 0.19110576923076927 0.8305288461538461 0.09375 0.11418269230769229
3 0.8737980769230769 0.44471153846153844 0.17548076923076927 0.7247596153846154
3 0.7163461538461539 0.4375 0.21754807692307687 0.8629807692307692
3 0.5204326923076923 0.24759615384615385 0.2596153846153846 0.37620192307692313
3 0.27524038461538464 0.23798076923076922 0.23557692307692302 0.36778846153846156
3 0.2536057692307693 0.6213942307692308 0.1358173076923077 0.5408653846153846
3 0.15865384615384615 0.4591346153846154 0.1670673076923077 0.8858173076923077
