6 0.19711538461538458 0.5360576923076923 0.04206730769230768 0.05889423076923084
6 0.3605769230769231 0.5060096153846154 0.04206730769230771 0.06610576923076927
6 0.43629807692307687 0.5360576923076923 0.03485576923076922 0.05889423076923084
6 0.5697115384615384 0.5372596153846153 0.03245192307692313 0.06129807692307687
6 0.8004807692307693 0.6634615384615384 0.07331730769230771 0.06129807692307687
5 0.23798076923076922 0.5012019230769231 0.08653846153846156 0.1201923076923076
5 0.3377403846153847 0.4627403846153846 0.09014423076923078 0.10336538461538458
5 0.4783653846153846 0.4807692307692307 0.057692307692307654 0.10336538461538458
5 0.6346153846153846 0.48076923076923067 0.078125 0.14423076923076927
5 0.8028846153846154 0.5048076923076923 0.14903846153846156 0.20673076923076916
3 0.23076923076923078 0.42427884615384615 0.11418269230769229 0.31129807692307687
3 0.34495192307692313 0.4014423076923077 0.12139423076923078 0.2908653846153846
3 0.467548076923077 0.43870192307692313 0.11418269230769235 0.2548076923076923
3 0.6153846153846154 0.4314903846153846 0.15625 0.2860576923076923
3 0.7980769230769231 0.43870192307692313 0.21754807692307698 0.5192307692307692
