7 0.09735576923076927 0.4362980769230769 0.09855769230769229 0.06730769230769229
7 0.5372596153846154 0.328125 0.09375 0.06610576923076922
7 0.8040865384615384 0.5264423076923077 0.15504807692307687 0.0625
5 0.438701923076923 0.20072115384615385 0.2860576923076923 0.1394230769230769
5 0.313701923076923 0.4483173076923077 0.3076923076923077 0.12139423076923078
5 0.8617788461538461 0.609375 0.1826923076923077 0.11538461538461542
5 0.6105769230769231 0.359375 0.13701923076923084 0.09735576923076922
3 0.5612980769230769 0.1971153846153846 0.6598557692307692 0.14182692307692307
3 0.6658653846153846 0.35096153846153844 0.3533653846153846 0.1490384615384615
3 0.4651442307692308 0.4483173076923077 0.8317307692307693 0.17548076923076916
3 0.8305288461538461 0.6045673076923077 0.21995192307692313 0.23798076923076916
2 0.2764423076923077 0.234375 0.08774038461538458 0.046875
