2 0.8978365384615384 0.32572115384615385 0.07932692307692313 0.1298076923076923
2 0.42067307692307687 0.3701923076923077 0.03605769230769229 0.08774038461538458
2 0.30528846153846156 0.3701923076923077 0.06850961538461542 0.13461538461538458
2 0.1358173076923077 0.3713942307692308 0.046875 0.08413461538461531
2 0.8076923076923077 0.3762019230769231 0.0625 0.11298076923076927
2 0.701923076923077 0.37620192307692313 0.05769230769230771 0.09375
2 0.4495192307692307 0.38221153846153844 0.02644230769230771 0.08293269230769229
2 0.6153846153846154 0.39302884615384615 0.046875 0.08653846153846145
2 0.7572115384615384 0.39663461538461536 0.04206730769230771 0.09975961538461531
2 0.18028846153846156 0.41225961538461536 0.0625 0.09735576923076927
2 0.039663461538461564 0.4278846153846154 0.05769230769230771 0.109375
2 0.09735576923076927 0.4338942307692307 0.05649038461538458 0.10817307692307687
3 0.3064903846153845 0.5757211538461539 0.11298076923076927 0.5552884615384615
3 0.6033653846153846 0.59375 0.14182692307692302 0.5096153846153846
3 0.41346153846153844 0.6105769230769231 0.13942307692307687 0.5588942307692308
3 0.18028846153846156 0.6117788461538461 0.11418269230769229 0.4951923076923077
3 0.08293269230769224 0.6117788461538461 0.11298076923076927 0.47596153846153855
3 0.9002403846153846 0.6177884615384616 0.13461538461538458 0.7355769230769231
3 0.717548076923077 0.6237980769230769 0.09855769230769229 0.5889423076923077
3 0.7992788461538461 0.6370192307692307 0.13221153846153855 0.6610576923076923
