3 0.2728365384615385 0.7908653846153846 0.13221153846153844 0.07451923076923084
3 0.17067307692307687 0.6550480769230769 0.1358173076923077 0.08173076923076927
3 0.5576923076923077 0.8377403846153846 0.07211538461538458 0.06610576923076916
3 0.6418269230769231 0.7524038461538461 0.10096153846153844 0.03605769230769229
3 0.640625 0.7115384615384617 0.10576923076923084 0.05288461538461531
4 0.3245192307692307 0.7740384615384616 0.02043269230769229 0.024038461538461453
4 0.21875000000000006 0.6538461538461539 0.027644230769230727 0.024038461538461453
4 0.5805288461538461 0.8293269230769231 0.02043269230769229 0.015625
4 0.6742788461538461 0.7536057692307692 0.016826923076923128 0.016826923076923017
4 0.6790865384615384 0.7151442307692308 0.014423076923076872 0.015625
