0 0.2752403846153847 0.7079326923076923 0.22355769230769235 0.24038461538461542
6 0.3894230769230769 0.4254807692307693 0.24278846153846156 0.26442307692307687
6 0.34134615384615385 0.16586538461538458 0.2079326923076923 0.23076923076923084
5 0.7199519230769231 0.7439903846153846 0.5480769230769231 0.3245192307692307
5 0.7367788461538461 0.546875 0.5012019230769231 0.47235576923076916
5 0.7079326923076923 0.19951923076923073 0.5252403846153846 0.39182692307692313
3 0.5745192307692307 0.7355769230769231 0.8161057692307694 0.344951923076923
3 0.6322115384615384 0.5096153846153846 0.7175480769230769 0.4314903846153847
3 0.5973557692307693 0.20432692307692313 0.7463942307692306 0.40625
1 0.46995192307692313 0.15745192307692313 0.07812500000000006 0.15264423076923084
1 0.4963942307692308 0.3798076923076923 0.055288461538461564 0.09375
