5 0.8786057692307693 0.3221153846153846 0.20192307692307687 0.3389423076923077
5 0.8449519230769231 0.4495192307692307 0.19471153846153844 0.3389423076923077
5 0.6237980769230769 0.45192307692307687 0.21153846153846156 0.3485576923076923
5 0.4747596153846154 0.4783653846153846 0.17548076923076916 0.3028846153846154
3 0.8762019230769231 0.3786057692307693 0.20192307692307698 0.48317307692307687
3 0.8293269230769231 0.4891826923076923 0.21754807692307698 0.5192307692307692
3 0.6286057692307693 0.4651442307692307 0.2139423076923077 0.5264423076923077
3 0.46995192307692313 0.5384615384615384 0.1923076923076923 0.44951923076923084
2 0.48076923076923067 0.7079326923076923 0.09014423076923073 0.10576923076923084
2 0.6274038461538461 0.6814903846153846 0.07331730769230771 0.08653846153846156
2 0.8293269230769231 0.6971153846153846 0.08173076923076927 0.09375
2 0.8521634615384616 0.5757211538461539 0.08293269230769229 0.10456730769230771
