7 0.7860576923076923 0.40625 0.05288461538461542 0.06610576923076922
7 0.7235576923076923 0.41466346153846156 0.0625 0.06129807692307693
7 0.6598557692307692 0.36778846153846156 0.055288461538461564 0.05168269230769229
7 0.5528846153846153 0.38221153846153844 0.06129807692307687 0.06610576923076922
7 0.4951923076923077 0.359375 0.05048076923076916 0.0625
7 0.3990384615384615 0.3846153846153847 0.055288461538461564 0.05649038461538464
7 0.1694711538461538 0.34615384615384615 0.055288461538461564 0.06971153846153849
7 0.15985576923076922 0.31971153846153844 0.055288461538461564 0.05528846153846151
4 0.6177884615384616 0.3161057692307693 0.06370192307692313 0.05649038461538464
0 0.31370192307692313 0.34254807692307687 0.05649038461538458 0.06850961538461536
6 0.2668269230769231 0.3401442307692308 0.055288461538461564 0.06971153846153844
5 0.8004807692307693 0.5733173076923077 0.09855769230769229 0.23076923076923084
5 0.7247596153846154 0.5757211538461539 0.09975961538461542 0.2139423076923077
5 0.6189903846153846 0.5012019230769231 0.11298076923076927 0.2235576923076923
5 0.49879807692307687 0.5384615384615384 0.09014423076923084 0.2295673076923077
5 0.4074519230769232 0.5432692307692307 0.07451923076923073 0.2115384615384615
5 0.3185096153846154 0.5144230769230769 0.09975961538461542 0.20913461538461542
5 0.2512019230769231 0.5060096153846154 0.07692307692307698 0.2259615384615385
5 0.17548076923076927 0.5252403846153846 0.109375 0.234375
3 0.8016826923076923 0.6286057692307693 0.09735576923076916 0.5108173076923077
3 0.7151442307692308 0.6394230769230769 0.10336538461538469 0.5216346153846154
3 0.6682692307692307 0.3942307692307693 0.05769230769230771 0.10336538461538464
3 0.6129807692307692 0.5925480769230769 0.11298076923076927 0.6105769230769231
3 0.5540865384615384 0.5949519230769231 0.07932692307692313 0.49639423076923084
3 0.5048076923076923 0.6129807692307693 0.11538461538461542 0.5817307692307694
3 0.40504807692307687 0.6009615384615384 0.10456730769230771 0.5
3 0.31971153846153844 0.5997596153846154 0.10817307692307687 0.5889423076923077
3 0.2536057692307693 0.5745192307692307 0.08894230769230771 0.5348557692307694
3 0.15985576923076927 0.6033653846153846 0.1454326923076923 0.5877403846153846
