3 0.9639423076923077 0.6310096153846154 0.07211538461538458 0.703125
3 0.8930288461538461 0.6466346153846154 0.09254807692307687 0.6862980769230769
3 0.8028846153846154 0.6814903846153846 0.0985576923076924 0.6045673076923077
3 0.6947115384615384 0.6550480769230769 0.12860576923076916 0.65625
3 0.5528846153846154 0.6237980769230769 0.109375 0.5769230769230769
3 0.4747596153846154 0.6009615384615385 0.08293269230769229 0.4723557692307693
3 0.4146634615384615 0.6538461538461539 0.08653846153846156 0.5264423076923077
3 0.3545673076923077 0.625 0.078125 0.5348557692307692
3 0.3076923076923077 0.6730769230769231 0.08774038461538458 0.5877403846153846
3 0.15985576923076927 0.6983173076923077 0.140625 0.5997596153846154
4 0.9651442307692308 0.3641826923076923 0.06850961538461531 0.13701923076923078
6 0.8689903846153846 0.35817307692307687 0.08774038461538458 0.12379807692307693
6 0.8052884615384616 0.4326923076923077 0.07692307692307687 0.10576923076923078
6 0.6911057692307693 0.37740384615384615 0.06730769230769229 0.07692307692307693
6 0.5348557692307693 0.39663461538461536 0.05769230769230771 0.06971153846153844
6 0.47716346153846156 0.405048076923077 0.04206730769230771 0.06129807692307693
4 0.4134615384615385 0.43028846153846156 0.038461538461538436 0.05528846153846151
6 0.3341346153846154 0.39302884615384615 0.046875 0.05769230769230771
6 0.2908653846153845 0.42548076923076916 0.055288461538461564 0.08413461538461536
6 0.15264423076923073 0.46033653846153844 0.07692307692307687 0.09495192307692313
