0 0.4411057692307693 0.3389423076923077 0.15745192307692313 0.14423076923076916
1 0.5288461538461539 0.36778846153846156 0.04807692307692313 0.0625
0 0.5697115384615384 0.5036057692307692 0.09495192307692313 0.10336538461538458
1 0.6237980769230769 0.5084134615384616 0.05649038461538458 0.06730769230769229
3 0.6730769230769231 0.32692307692307687 0.6502403846153846 0.2139423076923077
5 0.6947115384615384 0.1899038461538462 0.08894230769230771 0.038461538461538436
3 0.7259615384615384 0.18389423076923073 0.21754807692307687 0.07211538461538458
3 0.7512019230769231 0.5060096153846154 0.4951923076923077 0.23317307692307698
5 0.8004807692307693 0.32932692307692313 0.3954326923076923 0.22235576923076916
5 0.8425480769230769 0.4807692307692307 0.30889423076923084 0.1826923076923077
