2 0.8725961538461539 0.7127403846153846 0.12019230769230771 0.19951923076923073
2 0.7115384615384615 0.6526442307692308 0.09735576923076927 0.18028846153846156
2 0.48197115384615385 0.6201923076923077 0.08894230769230771 0.15264423076923084
2 0.6610576923076923 0.6153846153846154 0.046875 0.12379807692307698
2 0.3341346153846155 0.5961538461538461 0.06370192307692302 0.12019230769230771
2 0.3966346153846154 0.5817307692307692 0.06850961538461542 0.1298076923076924
2 0.16947115384615385 0.5745192307692308 0.07331730769230771 0.12379807692307698
3 0.8966346153846154 0.4158653846153846 0.18028846153846156 0.7860576923076923
3 0.7151442307692308 0.3810096153846154 0.1658653846153847 0.7091346153846154
3 0.4807692307692308 0.3545673076923077 0.19951923076923073 0.671875
3 0.359375 0.3317307692307693 0.13100961538461542 0.609375
3 0.15745192307692313 0.3245192307692307 0.16586538461538458 0.6394230769230769
