6 0.4338942307692307 0.16706730769230765 0.09495192307692313 0.07211538461538461
6 0.4747596153846154 0.33533653846153844 0.0625 0.07692307692307693
6 0.5408653846153847 0.328125 0.07692307692307687 0.06850961538461542
6 0.8497596153846154 0.6911057692307694 0.05288461538461542 0.055288461538461564
6 0.7415865384615384 0.875 0.06730769230769229 0.050480769230769273
6 0.8317307692307693 0.9771634615384616 0.05769230769230771 0.04206730769230771
3 0.32692307692307687 0.11538461538461539 0.40625 0.20793269230769235
3 0.2620192307692307 0.3810096153846154 0.4951923076923077 0.22836538461538464
3 0.48197115384615385 0.3185096153846153 0.1983173076923077 0.09735576923076922
3 0.7127403846153847 0.6899038461538461 0.3329326923076923 0.10817307692307687
3 0.3533653846153846 0.734375 0.6081730769230769 0.13461538461538458
3 0.6129807692307693 0.8449519230769231 0.3389423076923077 0.12019230769230771
3 0.6550480769230769 0.9435096153846154 0.4254807692307693 0.11057692307692302
6 0.4591346153846154 0.6862980769230769 0.06850961538461542 0.06370192307692302
3 0.359375 0.6706730769230769 0.2752403846153846 0.10576923076923073
5 0.6526442307692307 0.8509615384615385 0.17307692307692313 0.09735576923076927
