0 0.609375 0.20192307692307698 0.07211538461538458 0.11418269230769229
0 0.5228365384615384 0.5805288461538461 0.08293269230769229 0.17067307692307687
0 0.4471153846153846 0.24038461538461536 0.06730769230769229 0.07932692307692302
0 0.31370192307692313 0.21033653846153844 0.07331730769230771 0.12019230769230771
4 0.5372596153846154 0.19951923076923078 0.078125 0.09014423076923073
3 0.5841346153846153 0.7331730769230769 0.2391826923076923 0.4759615384615383
3 0.6634615384615384 0.4110576923076923 0.18389423076923084 0.5504807692307692
3 0.5372596153846153 0.3389423076923077 0.11418269230769229 0.37860576923076916
3 0.6189903846153846 0.4026442307692307 0.06971153846153844 0.2920673076923077
3 0.44350961538461536 0.28966346153846156 0.09254807692307698 0.20432692307692313
3 0.31249999999999994 0.25841346153846156 0.11298076923076927 0.24879807692307687
