6 0.17548076923076922 0.46754807692307687 0.06850961538461539 0.05168269230769229
7 0.23317307692307693 0.7223557692307692 0.08173076923076925 0.050480769230769273
3 0.251201923076923 0.7223557692307692 0.13581730769230765 0.09014423076923073
3 0.2644230769230769 0.46153846153846156 0.3245192307692307 0.12379807692307687
7 0.38221153846153844 0.5925480769230769 0.05769230769230771 0.046875
7 0.43028846153846156 0.6814903846153846 0.0625 0.055288461538461564
7 0.4567307692307692 0.8533653846153846 0.0625 0.03725961538461542
7 0.46875 0.4158653846153846 0.06610576923076922 0.04206730769230771
3 0.5144230769230769 0.639423076923077 0.23317307692307698 0.12019230769230771
3 0.5168269230769231 0.5769230769230769 0.342548076923077 0.11298076923076927
3 0.5516826923076923 0.8521634615384616 0.26923076923076916 0.07331730769230771
3 0.5588942307692307 0.38942307692307687 0.2451923076923077 0.12860576923076916
7 0.6802884615384616 0.07572115384615385 0.08413461538461542 0.04206730769230771
3 0.7043269230769231 0.061298076923076816 0.266826923076923 0.08173076923076927
7 0.7271634615384616 0.78125 0.05769230769230771 0.05048076923076916
3 0.7872596153846154 0.7752403846153846 0.20913461538461542 0.13942307692307698
