6 0.8557692307692308 0.5637019230769231 0.07692307692307698 0.058894230769230727
6 0.7247596153846154 0.5697115384615384 0.08173076923076927 0.08413461538461542
6 0.5480769230769231 0.5528846153846154 0.08653846153846156 0.06730769230769229
6 0.3425480769230768 0.5697115384615384 0.08173076923076927 0.06129807692307687
6 0.2848557692307692 0.5793269230769231 0.055288461538461564 0.06730769230769229
6 0.24399038461538464 0.5997596153846154 0.043269230769230727 0.03725961538461542
6 0.15985576923076933 0.5841346153846154 0.058894230769230727 0.05649038461538458
6 0.6730769230769231 0.5721153846153846 0.038461538461538436 0.04206730769230771
6 0.9411057692307693 0.5444711538461539 0.05168269230769229 0.04567307692307687
6 0.09254807692307687 0.5661057692307693 0.03725961538461542 0.05288461538461542
6 0.45432692307692313 0.5949519230769231 0.04086538461538458 0.04807692307692313
6 0.39783653846153844 0.6081730769230769 0.04206730769230771 0.043269230769230727
6 0.23557692307692313 0.5552884615384615 0.03605769230769229 0.027644230769230727
7 0.16586538461538458 0.5144230769230769 0.02524038461538458 0.02644230769230771
5 0.8798076923076923 0.7403846153846154 0.13701923076923084 0.22475961538461542
5 0.7463942307692308 0.7512019230769231 0.10576923076923073 0.22836538461538458
5 0.6838942307692308 0.7415865384615384 0.043269230769230727 0.17307692307692313
5 0.670673076923077 0.6622596153846154 0.04206730769230771 0.12379807692307698
5 0.9411057692307692 0.6430288461538461 0.06610576923076927 0.10817307692307687
5 0.5588942307692308 0.7427884615384616 0.12379807692307698 0.25120192307692313
5 0.45793269230769224 0.6754807692307693 0.06610576923076927 0.11538461538461542
5 0.3485576923076923 0.7764423076923077 0.12860576923076916 0.25360576923076916
5 0.17067307692307687 0.7379807692307694 0.13100961538461542 0.21153846153846156
5 0.2475961538461539 0.6838942307692306 0.06971153846153844 0.12139423076923073
5 0.09254807692307687 0.6418269230769231 0.05649038461538458 0.11538461538461542
5 0.4591346153846154 0.6814903846153846 0.06129807692307687 0.1298076923076923
5 0.41346153846153844 0.7175480769230769 0.046875 0.15024038461538458
3 0.9314903846153846 0.5925480769230769 0.06370192307692302 0.15504807692307698
3 0.8762019230769231 0.7536057692307692 0.18870192307692302 0.44471153846153844
3 0.7475961538461539 0.7548076923076923 0.14182692307692313 0.44951923076923084
3 0.670673076923077 0.6923076923076923 0.05168269230769229 0.265625
3 0.5588942307692308 0.7572115384615383 0.1514423076923076 0.4807692307692307
3 0.4555288461538462 0.7331730769230769 0.06971153846153844 0.329326923076923
3 0.40865384615384615 0.7055288461538461 0.06730769230769229 0.23557692307692313
3 0.3449519230769232 0.7668269230769231 0.16346153846153844 0.4639423076923077
3 0.2896634615384615 0.7091346153846154 0.08653846153846156 0.33653846153846156
3 0.24519230769230776 0.6802884615384616 0.058894230769230727 0.20913461538461542
3 0.17067307692307693 0.7716346153846154 0.14182692307692302 0.4435096153846154
3 0.08413461538461542 0.7007211538461539 0.078125 0.31129807692307687
3 0.17187499999999994 0.5372596153846154 0.050480769230769273 0.0625
