0 0.4807692307692307 0.16105769230769232 0.03725961538461542 0.05889423076923078
0 0.6730769230769231 0.1622596153846154 0.05649038461538469 0.07451923076923078
0 0.4435096153846154 0.17548076923076922 0.04086538461538458 0.08293269230769229
0 0.5288461538461539 0.18509615384615385 0.04807692307692313 0.07331730769230771
0 0.8774038461538461 0.18509615384615385 0.05769230769230771 0.08293269230769229
0 0.3762019230769232 0.18629807692307693 0.058894230769230727 0.07932692307692307
3 0.48798076923076933 0.20552884615384615 0.050480769230769273 0.16346153846153844
0 0.32331730769230765 0.2091346153846154 0.050480769230769273 0.06610576923076922
5 0.8004807692307692 0.3798076923076923 0.10576923076923073 0.2908653846153846
5 0.6129807692307692 0.38341346153846156 0.08774038461538458 0.3197115384615385
5 0.4435096153846154 0.38341346153846156 0.11538461538461542 0.26682692307692313
5 0.7415865384615384 0.38461538461538464 0.06971153846153855 0.2908653846153847
5 0.6778846153846154 0.39663461538461536 0.11538461538461542 0.3088942307692307
5 0.8810096153846154 0.421875 0.125 0.3064903846153846
5 0.3197115384615384 0.4266826923076923 0.11778846153846156 0.2908653846153846
5 0.5300480769230769 0.43509615384615385 0.11899038461538458 0.2920673076923077
3 0.5733173076923077 0.4747596153846154 0.05288461538461542 0.8028846153846154
3 0.7415865384615384 0.4903846153846153 0.06129807692307687 0.7980769230769231
3 0.38341346153846156 0.5012019230769231 0.07331730769230771 0.7379807692307692
3 0.45072115384615385 0.515625 0.10456730769230771 0.7692307692307692
3 0.7872596153846154 0.5252403846153846 0.11298076923076916 0.828125
3 0.6009615384615385 0.5324519230769231 0.09735576923076927 0.8329326923076923
3 0.32692307692307687 0.5408653846153846 0.13701923076923084 0.7355769230769231
3 0.5240384615384616 0.5420673076923077 0.11899038461538458 0.7908653846153846
3 0.6778846153846154 0.546875 0.11538461538461542 0.828125
3 0.8894230769230769 0.5625 0.14182692307692302 0.8497596153846154
0 0.7980769230769231 0.14903846153846156 0.055288461538461564 0.08293269230769232
0 0.7427884615384616 0.14903846153846154 0.04807692307692313 0.06971153846153848
0 0.6177884615384616 0.15384615384615385 0.04807692307692313 0.08293269230769229
