4 0.2091346153846154 0.7584134615384615 0.12139423076923078 0.06971153846153844
4 0.21995192307692307 0.3377403846153847 0.20432692307692304 0.11057692307692313
6 0.27524038461538464 0.8762019230769231 0.05649038461538461 0.04567307692307687
5 0.33653846153846156 0.12379807692307693 0.375 0.19110576923076927
5 0.3653846153846154 0.6971153846153846 0.29687500000000006 0.140625
5 0.38942307692307687 0.3629807692307692 0.2752403846153846 0.1826923076923076
5 0.4098557692307692 0.8641826923076923 0.19471153846153844 0.09014423076923073
3 0.47235576923076916 0.8557692307692308 0.43749999999999994 0.09735576923076927
3 0.4735576923076923 0.6983173076923077 0.65625 0.19350961538461542
3 0.5552884615384616 0.3629807692307692 0.8653846153846154 0.23317307692307698
1 0.1478365384615385 0.10576923076923078 0.03605769230769232 0.07812500000000011
