3 0.59375 0.47235576923076916 0.2872596153846154 0.9375
3 0.08413461538461542 0.25721153846153844 0.11418269230769229 0.40745192307692313
3 0.8161057692307693 0.2824519230769231 0.07932692307692313 0.3641826923076923
3 0.8954326923076923 0.2980769230769231 0.07451923076923073 0.3689903846153847
5 0.07572115384615385 0.18629807692307693 0.09254807692307687 0.1826923076923077
5 0.5925480769230769 0.2668269230769231 0.19471153846153844 0.3870192307692307
5 0.8197115384615385 0.21514423076923075 0.08653846153846156 0.14663461538461536
5 0.8942307692307693 0.23557692307692307 0.06850961538461542 0.14182692307692304
3 0.9483173076923077 0.15384615384615385 0.03725961538461542 0.15745192307692307
2 0.08894230769230771 0.07932692307692307 0.05288461538461542 0.043269230769230775
2 0.5384615384615384 0.04086538461538462 0.07932692307692313 0.07211538461538461
2 0.8137019230769231 0.1201923076923077 0.034855769230769273 0.043269230769230754
2 0.8846153846153846 0.13341346153846154 0.03245192307692313 0.04807692307692307
