5 0.5817307692307692 0.13221153846153844 0.4182692307692307 0.18629807692307687
5 0.6225961538461539 0.26322115384615385 0.4014423076923077 0.17067307692307687
5 0.6165865384615384 0.4254807692307693 0.4579326923076923 0.1766826923076923
5 0.5793269230769231 0.5480769230769231 0.3689903846153846 0.1298076923076923
5 0.6033653846153846 0.6862980769230769 0.4423076923076923 0.17307692307692302
5 0.4338942307692308 0.8846153846153846 0.373798076923077 0.22836538461538458
3 0.6262019230769231 0.12620192307692307 0.7235576923076923 0.20432692307692302
3 0.640625 0.2596153846153847 0.671875 0.1766826923076923
3 0.6213942307692307 0.39903846153846156 0.7295673076923077 0.171875
3 0.5949519230769231 0.5492788461538461 0.6105769230769231 0.11778846153846145
3 0.625 0.6706730769230769 0.7091346153846154 0.17548076923076916
3 0.5432692307692307 0.875 0.8401442307692306 0.22475961538461542
2 0.3185096153846153 0.15264423076923078 0.12379807692307693 0.10817307692307698
2 0.360576923076923 0.2860576923076923 0.13100961538461536 0.09375
2 0.3161057692307692 0.4375 0.13221153846153844 0.09975961538461542
2 0.34975961538461536 0.5612980769230769 0.10456730769230771 0.06971153846153844
2 0.31971153846153844 0.6790865384615384 0.12139423076923078 0.08293269230769229
2 0.1814903846153846 0.8762019230769231 0.12139423076923078 0.09495192307692302
