3 0.8365384615384616 0.3377403846153846 0.1454326923076923 0.4939903846153846
3 0.7403846153846154 0.3425480769230769 0.12139423076923073 0.469951923076923
3 0.6237980769230769 0.3377403846153846 0.11899038461538458 0.5456730769230769
3 0.5408653846153846 0.3533653846153846 0.08413461538461531 0.45673076923076916
3 0.46995192307692313 0.36778846153846156 0.07331730769230771 0.46995192307692313
3 0.4098557692307693 0.34254807692307687 0.09254807692307687 0.4747596153846154
3 0.3245192307692307 0.31129807692307687 0.08894230769230771 0.47235576923076916
3 0.2512019230769232 0.35096153846153844 0.12620192307692302 0.5528846153846154
3 0.11899038461538458 0.3341346153846154 0.13701923076923084 0.5216346153846154
5 0.25480769230769224 0.4627403846153846 0.11298076923076927 0.19350961538461542
2 0.8377403846153846 0.548076923076923 0.05048076923076916 0.06370192307692313
2 0.733173076923077 0.5408653846153846 0.04567307692307687 0.050480769230769273
2 0.6153846153846154 0.5733173076923077 0.046875 0.05288461538461542
2 0.5384615384615384 0.5444711538461539 0.04567307692307687 0.05168269230769229
2 0.46754807692307687 0.5685096153846154 0.04206730769230771 0.046875
2 0.40745192307692313 0.5432692307692308 0.04086538461538458 0.04807692307692302
2 0.3305288461538461 0.5084134615384616 0.055288461538461564 0.06129807692307687
2 0.25 0.5973557692307693 0.046875 0.05168269230769229
2 0.13341346153846156 0.5625 0.04807692307692313 0.05649038461538458
