5 0.47475961538461536 0.7043269230769231 0.10096153846153844 0.06850961538461542
5 0.4651442307692308 0.5432692307692308 0.11057692307692302 0.06610576923076916
5 0.4026442307692308 0.7740384615384616 0.046875 0.046875
5 0.438701923076923 0.4651442307692308 0.06610576923076922 0.038461538461538436
5 0.43028846153846156 0.4182692307692307 0.06129807692307693 0.03725961538461542
5 0.4591346153846153 0.2391826923076923 0.08173076923076922 0.046875
3 0.41346153846153844 0.7668269230769231 0.12860576923076922 0.06129807692307698
3 0.5192307692307692 0.7091346153846154 0.2560096153846153 0.10336538461538469
3 0.5168269230769231 0.5528846153846154 0.30048076923076916 0.08653846153846156
3 0.46514423076923084 0.46874999999999994 0.17668269230769235 0.050480769230769273
3 0.44951923076923084 0.4158653846153846 0.15024038461538464 0.05649038461538458
3 0.4963942307692308 0.24639423076923073 0.21995192307692302 0.0625
6 0.3629807692307692 0.7716346153846154 0.03125 0.030048076923076983
6 0.40745192307692313 0.733173076923077 0.027644230769230782 0.03605769230769229
6 0.3786057692307693 0.5492788461538461 0.025240384615384637 0.030048076923076872
6 0.3870192307692308 0.5600961538461539 0.038461538461538436 0.02644230769230771
6 0.390625 0.47475961538461536 0.021634615384615363 0.024038461538461564
6 0.38701923076923084 0.4158653846153846 0.025240384615384637 0.02043269230769229
6 0.39903846153846156 0.2475961538461539 0.03485576923076922 0.038461538461538436
