7 0.703125 0.3028846153846155 0.04086538461538458 0.06370192307692302
7 0.5036057692307692 0.40625000000000006 0.04567307692307698 0.058894230769230727
7 0.3137019230769232 0.28004807692307687 0.038461538461538436 0.04567307692307687
5 0.7548076923076923 0.25721153846153844 0.078125 0.11899038461538458
5 0.5192307692307692 0.31129807692307687 0.08413461538461531 0.1358173076923077
5 0.2932692307692308 0.21754807692307693 0.07451923076923073 0.10096153846153844
3 0.7872596153846154 0.19951923076923067 0.18870192307692302 0.3221153846153847
3 0.6730769230769231 0.18149038461538458 0.0625 0.20673076923076916
3 0.5216346153846154 0.2572115384615385 0.12860576923076916 0.3713942307692307
3 0.28245192307692313 0.19110576923076922 0.140625 0.2536057692307693
