7 0.20673076923076927 0.7475961538461539 0.171875 0.18629807692307687
1 0.35817307692307687 0.6706730769230769 0.1514423076923077 0.09014423076923084
1 0.22115384615384615 0.6358173076923077 0.11057692307692313 0.07451923076923084
7 0.5384615384615384 0.6213942307692308 0.22836538461538458 0.23798076923076916
1 0.7572115384615384 0.610576923076923 0.23557692307692313 0.12019230769230771
3 0.8064903846153846 0.48317307692307687 0.3810096153846154 0.9639423076923077
1 0.5276442307692308 0.47596153846153844 0.17788461538461542 0.08293269230769229
3 0.38341346153846156 0.4747596153846154 0.23557692307692313 0.9471153846153846
3 0.1742788461538461 0.4254807692307693 0.24278846153846156 0.8449519230769231
3 0.5444711538461539 0.3942307692307693 0.2139423076923077 0.7139423076923077
6 0.38221153846153844 0.8004807692307692 0.20913461538461542 0.2139423076923076
6 0.7884615384615384 0.7908653846153846 0.390625 0.33653846153846156
