2 0.5456730769230769 0.2824519230769231 0.06129807692307687 0.11418269230769229
2 0.3221153846153846 0.33052884615384615 0.06610576923076922 0.1298076923076923
2 0.6862980769230769 0.3425480769230769 0.05769230769230771 0.10456730769230771
2 0.37620192307692313 0.3485576923076923 0.04326923076923078 0.09375
2 0.8533653846153846 0.35697115384615385 0.02043269230769229 0.04206730769230771
2 0.44110576923076916 0.359375 0.03485576923076922 0.05889423076923078
2 0.6153846153846154 0.3653846153846153 0.02163461538461542 0.05288461538461536
2 0.8004807692307693 0.37139423076923084 0.05288461538461542 0.09495192307692307
2 0.9026442307692307 0.3786057692307693 0.02163461538461542 0.04567307692307693
3 0.921875 0.45913461538461536 0.06850961538461542 0.21153846153846156
3 0.453125 0.5048076923076923 0.078125 0.34735576923076916
3 0.5408653846153846 0.5709134615384616 0.14182692307692302 0.7043269230769231
3 0.6935096153846154 0.5769230769230769 0.15264423076923084 0.5865384615384617
3 0.8076923076923077 0.6033653846153846 0.10336538461538458 0.5793269230769231
3 0.3269230769230769 0.6310096153846154 0.17067307692307696 0.7331730769230769
