6 0.47596153846153844 0.7668269230769231 0.09014423076923078 0.09254807692307698
6 0.4987980769230769 0.8161057692307692 0.08653846153846156 0.058894230769230727
6 0.5228365384615384 0.6730769230769231 0.08293269230769229 0.07211538461538469
6 0.5048076923076923 0.6225961538461539 0.09014423076923078 0.06971153846153855
6 0.49399038461538464 0.501201923076923 0.08173076923076927 0.06730769230769229
6 0.45072115384615385 0.29086538461538464 0.08293269230769229 0.06370192307692302
5 0.6466346153846154 0.28365384615384615 0.234375 0.1298076923076923
3 0.7127403846153846 0.7800480769230769 0.5588942307692308 0.1454326923076924
3 0.734375 0.6730769230769231 0.5060096153846154 0.11298076923076916
3 0.7223557692307693 0.5949519230769231 0.5384615384615385 0.12860576923076916
3 0.7223557692307693 0.47596153846153844 0.5516826923076923 0.16586538461538458
3 0.6995192307692307 0.28846153846153844 0.5973557692307694 0.1826923076923077
