3 0.6995192307692307 0.7319711538461539 0.5637019230769231 0.3545673076923077
3 0.4254807692307692 0.7307692307692308 0.7463942307692307 0.22475961538461542
3 0.7355769230769231 0.4591346153846155 0.4591346153846154 0.266826923076923
3 0.5745192307692308 0.2848557692307693 0.4627403846153847 0.234375
3 0.5564903846153846 0.09975961538461542 0.389423076923077 0.19711538461538458
2 0.12620192307692307 0.7091346153846153 0.13701923076923078 0.11418269230769229
2 0.5216346153846154 0.7620192307692308 0.23798076923076916 0.20192307692307698
2 0.6574519230769231 0.43870192307692313 0.29326923076923084 0.20913461538461542
2 0.44951923076923084 0.27884615384615385 0.16105769230769235 0.09855769230769229
2 0.4471153846153846 0.09014423076923073 0.14663461538461536 0.09254807692307687
