3 0.9050480769230769 0.6887019230769231 0.16225961538461542 0.5673076923076923
3 0.7644230769230769 0.6971153846153846 0.18149038461538458 0.6033653846153846
3 0.6454326923076923 0.6875 0.15264423076923084 0.578125
5 0.8990384615384616 0.5949519230769231 0.14903846153846145 0.24038461538461542
5 0.7620192307692308 0.6694711538461539 0.17788461538461542 0.3233173076923077
5 0.6478365384615384 0.6033653846153846 0.1358173076923077 0.2572115384615384
6 0.8870192307692308 0.4254807692307692 0.055288461538461564 0.055288461538461564
6 0.7800480769230769 0.4314903846153847 0.078125 0.07451923076923078
6 0.6574519230769231 0.4435096153846153 0.05649038461538469 0.05288461538461536
6 0.6971153846153846 0.47596153846153844 0.03125 0.025240384615384637
