3 0.47115384615384615 0.8052884615384616 0.1454326923076923 0.17307692307692313
7 0.1322115384615385 0.7620192307692308 0.1346153846153847 0.1502403846153847
6 0.7572115384615384 0.7223557692307692 0.12019230769230771 0.12860576923076927
7 0.6466346153846154 0.6971153846153846 0.16346153846153844 0.13701923076923073
6 0.28966346153846156 0.6778846153846154 0.10456730769230771 0.08653846153846156
3 0.9038461538461539 0.4591346153846154 0.18870192307692313 0.8894230769230769
3 0.40745192307692313 0.45192307692307687 0.21514423076923084 0.8894230769230769
3 0.10336538461538458 0.421875 0.19350961538461542 0.8317307692307692
3 0.7800480769230769 0.39783653846153844 0.18389423076923084 0.7824519230769231
3 0.6526442307692307 0.390625 0.234375 0.7752403846153846
3 0.2776442307692308 0.37620192307692313 0.1466346153846153 0.7463942307692308
7 0.9447115384615384 0.8449519230769231 0.10817307692307687 0.15264423076923073
