7 0.3401442307692308 0.31971153846153844 0.05288461538461531 0.12019230769230771
7 0.44350961538461536 0.14423076923076922 0.050480769230769273 0.06971153846153844
7 0.2908653846153847 0.12139423076923078 0.06370192307692313 0.07932692307692302
6 0.65625 0.25120192307692313 0.09735576923076927 0.10336538461538458
6 0.5685096153846154 0.15024038461538458 0.04206730769230771 0.05048076923076916
0 0.10817307692307693 0.23197115384615385 0.027644230769230727 0.04567307692307687
0 0.17908653846153844 0.14423076923076916 0.02043269230769229 0.03125
0 0.14663461538461536 0.14182692307692313 0.016826923076923017 0.02163461538461542
5 0.22115384615384615 0.36658653846153844 0.17067307692307687 0.21995192307692313
5 0.2692307692307692 0.21274038461538458 0.08774038461538469 0.12019230769230771
5 0.04567307692307687 0.1959134615384615 0.07211538461538458 0.06971153846153844
5 0.13942307692307693 0.2764423076923077 0.055288461538461564 0.08173076923076916
5 0.40985576923076916 0.22596153846153844 0.078125 0.1454326923076923
5 0.7776442307692307 0.35096153846153844 0.1670673076923077 0.2391826923076923
5 0.8473557692307693 0.25240384615384615 0.078125 0.07692307692307687
5 0.5661057692307693 0.22475961538461542 0.078125 0.10576923076923084
5 0.4879807692307692 0.19350961538461536 0.038461538461538436 0.04807692307692302
3 0.24879807692307693 0.5084134615384616 0.2451923076923076 0.5144230769230769
3 0.41586538461538464 0.3016826923076923 0.10817307692307698 0.40264423076923084
3 0.49278846153846156 0.20192307692307693 0.046875 0.13942307692307698
3 0.5661057692307692 0.27524038461538464 0.10096153846153844 0.30528846153846156
3 0.7451923076923077 0.5300480769230769 0.30048076923076916 0.6802884615384617
3 0.054086538461538436 0.2536057692307692 0.08894230769230771 0.23317307692307698
3 0.13100961538461542 0.27403846153846156 0.078125 0.1454326923076923
3 0.1875 0.203125 0.05889423076923084 0.14663461538461542
3 0.140625 0.17908653846153844 0.04086538461538458 0.11057692307692313
3 0.20913461538461542 0.15985576923076922 0.027644230769230838 0.06129807692307698
