0 0.8185096153846154 0.8942307692307692 0.0985576923076924 0.08173076923076927
0 0.8581730769230769 0.24639423076923067 0.09254807692307698 0.06610576923076927
6 0.859375 0.35697115384615385 0.078125 0.06129807692307687
6 0.5649038461538461 0.17427884615384615 0.07331730769230771 0.06370192307692313
5 0.5649038461538461 0.9002403846153846 0.34254807692307687 0.16225961538461542
5 0.6322115384615384 0.3701923076923077 0.28004807692307687 0.12860576923076916
5 0.6502403846153846 0.23798076923076927 0.28125 0.1358173076923077
5 0.37620192307692313 0.14783653846153844 0.25 0.1298076923076923
3 0.44471153846153844 0.8762019230769231 0.8581730769230769 0.23076923076923073
3 0.5372596153846154 0.3701923076923077 0.7427884615384616 0.13701923076923084
3 0.5396634615384616 0.22716346153846156 0.7451923076923077 0.1454326923076923
3 0.3497596153846154 0.16826923076923073 0.4903846153846154 0.1826923076923077
