2 0.9567307692307693 0.4675480769230768 0.04206730769230771 0.07692307692307698
2 0.25360576923076933 0.4627403846153846 0.043269230769230727 0.07211538461538458
2 0.7175480769230769 0.46033653846153844 0.034855769230769273 0.06730769230769229
2 0.5685096153846154 0.4591346153846155 0.03725961538461542 0.06971153846153844
2 0.875 0.45432692307692313 0.03725961538461542 0.07211538461538458
2 0.48197115384615385 0.453125 0.03846153846153855 0.06850961538461542
2 0.38942307692307687 0.453125 0.046875 0.06850961538461542
2 0.7800480769230769 0.45192307692307687 0.04086538461538469 0.07211538461538458
2 0.21514423076923078 0.42067307692307687 0.043269230769230727 0.078125
2 0.31129807692307687 0.40384615384615385 0.046875 0.06730769230769229
3 0.9567307692307693 0.31129807692307687 0.08293269230769229 0.3990384615384617
3 0.6995192307692308 0.2932692307692307 0.10576923076923073 0.40504807692307687
3 0.7908653846153846 0.2908653846153846 0.08653846153846156 0.4110576923076923
3 0.576923076923077 0.2908653846153846 0.10817307692307687 0.40264423076923084
3 0.8725961538461539 0.2884615384615385 0.09855769230769229 0.4026442307692307
3 0.4735576923076923 0.27764423076923067 0.109375 0.4158653846153847
3 0.25841346153846156 0.2692307692307693 0.07932692307692313 0.46153846153846145
3 0.38822115384615385 0.2692307692307693 0.09254807692307687 0.453125
3 0.3076923076923077 0.24399038461538458 0.078125 0.40264423076923084
3 0.19711538461538453 0.2319711538461539 0.09254807692307698 0.44471153846153844
