6 0.18149038461538458 0.6370192307692307 0.07211538461538461 0.08293269230769229
6 0.2608173076923077 0.5853365384615384 0.043269230769230754 0.06730769230769229
6 0.3245192307692308 0.5685096153846154 0.055288461538461564 0.08653846153846156
6 0.44591346153846156 0.6598557692307692 0.05769230769230771 0.08653846153846156
6 0.5456730769230769 0.5949519230769231 0.06370192307692302 0.08173076923076916
6 0.7007211538461539 0.623798076923077 0.06370192307692313 0.07331730769230771
6 0.84375 0.5516826923076923 0.0625 0.07211538461538458
6 0.40264423076923084 0.5973557692307693 0.04326923076923078 0.04206730769230771
5 0.1971153846153846 0.4266826923076923 0.12620192307692307 0.26923076923076916
5 0.31971153846153844 0.3762019230769231 0.09495192307692307 0.23317307692307698
5 0.4375 0.4338942307692308 0.11298076923076922 0.2872596153846153
5 0.546875 0.3942307692307693 0.10336538461538458 0.2704326923076923
5 0.7019230769230769 0.40384615384615385 0.12379807692307698 0.29807692307692313
5 0.8401442307692307 0.32572115384615385 0.11538461538461542 0.3016826923076923
5 0.28004807692307687 0.4807692307692307 0.04807692307692307 0.09855769230769229
3 0.1923076923076923 0.3629807692307693 0.15624999999999997 0.6213942307692306
3 0.2620192307692308 0.34375 0.05769230769230771 0.5528846153846154
3 0.31610576923076916 0.32932692307692313 0.09975961538461536 0.5552884615384617
3 0.4278846153846154 0.3786057692307693 0.12139423076923078 0.6526442307692306
3 0.5492788461538461 0.3497596153846154 0.1298076923076923 0.5745192307692308
3 0.703125 0.35697115384615385 0.16826923076923084 0.5985576923076923
3 0.8377403846153846 0.3245192307692307 0.12139423076923073 0.5432692307692306
3 0.5853365384615384 0.5360576923076923 0.030048076923076872 0.05649038461538458
