7 0.4146634615384615 0.6129807692307694 0.055288461538461564 0.050480769230769273
7 0.4122596153846154 0.23798076923076927 0.06730769230769229 0.05769230769230771
7 0.3713942307692307 0.2644230769230769 0.05168269230769229 0.043269230769230727
7 0.36177884615384615 0.05649038461538464 0.04567307692307687 0.043269230769230727
7 0.3401442307692307 0.7536057692307693 0.03245192307692313 0.03125
7 0.3341346153846155 0.7980769230769231 0.038461538461538436 0.03245192307692313
3 0.234375 0.8088942307692308 0.24639423076923084 0.08173076923076927
3 0.2295673076923077 0.04326923076923078 0.30048076923076916 0.07211538461538469
3 0.22836538461538458 0.6177884615384616 0.43389423076923084 0.18870192307692313
3 0.22596153846153844 0.7512019230769231 0.2860576923076923 0.12620192307692302
3 0.22235576923076927 0.19951923076923073 0.4326923076923077 0.1358173076923077
3 0.20552884615384615 0.28365384615384615 0.3701923076923077 0.09254807692307687
3 0.19350961538461542 0.11899038461538458 0.3076923076923077 0.10456730769230771
