3 0.8485576923076923 0.5817307692307693 0.21274038461538458 0.8161057692307694
3 0.6802884615384616 0.5552884615384616 0.15625 0.8473557692307694
3 0.5300480769230769 0.5480769230769231 0.1923076923076924 0.8677884615384617
3 0.38221153846153844 0.5504807692307693 0.17067307692307687 0.8822115384615385
3 0.21875 0.5372596153846154 0.203125 0.9110576923076923
3 0.09975961538461536 0.39302884615384615 0.09735576923076927 0.3485576923076923
3 0.9350961538461539 0.39302884615384615 0.05168269230769229 0.09495192307692313
3 0.8882211538461539 0.37740384615384615 0.030048076923076872 0.06730769230769229
3 0.9230769230769231 0.3810096153846154 0.027644230769230727 0.09014423076923084
6 0.8293269230769231 0.23557692307692307 0.12379807692307698 0.13221153846153844
6 0.6682692307692308 0.19711538461538458 0.10096153846153844 0.13461538461538458
6 0.5072115384615384 0.17908653846153844 0.10336538461538458 0.13942307692307687
6 0.38942307692307687 0.20432692307692307 0.09855769230769229 0.1310096153846153
6 0.22235576923076927 0.15024038461538458 0.11538461538461542 0.13701923076923084
6 0.10336538461538458 0.27163461538461536 0.078125 0.12139423076923073
7 0.9423076923076923 0.35096153846153844 0.019230769230769162 0.03846153846153855
7 0.8882211538461539 0.358173076923077 0.02043269230769229 0.030048076923076872
7 0.9254807692307692 0.35576923076923084 0.012019230769230727 0.02524038461538458
