2 0.7247596153846154 0.17307692307692307 0.027644230769230727 0.04807692307692307
2 0.24399038461538458 0.22596153846153846 0.1298076923076923 0.23317307692307693
2 0.8689903846153846 0.2692307692307692 0.15264423076923084 0.2608173076923077
2 0.38822115384615385 0.2848557692307692 0.07692307692307687 0.15745192307692304
2 0.4158653846153846 0.030048076923076924 0.03125 0.04807692307692308
2 0.5096153846153846 0.3137019230769231 0.06610576923076927 0.11778846153846156
2 0.7007211538461539 0.3377403846153846 0.04206730769230771 0.08173076923076922
2 0.6274038461538461 0.3485576923076923 0.09855769230769229 0.1875
2 0.751201923076923 0.3545673076923077 0.04206730769230771 0.07211538461538458
2 0.6862980769230769 0.03725961538461538 0.02524038461538458 0.05528846153846153
2 0.6213942307692307 0.037259615384615384 0.02043269230769229 0.04807692307692309
2 0.3629807692307693 0.037259615384615384 0.030048076923076872 0.06129807692307691
2 0.65625 0.038461538461538464 0.02163461538461542 0.038461538461538464
2 0.3076923076923077 0.04447115384615385 0.02524038461538458 0.057692307692307696
2 0.6346153846153847 0.05048076923076923 0.02043269230769229 0.04567307692307693
3 0.8665865384615384 0.5504807692307693 0.2548076923076923 0.84375
3 0.19110576923076933 0.5564903846153846 0.28846153846153844 0.8449519230769231
3 0.4002403846153846 0.5817307692307693 0.1514423076923077 0.7716346153846154
3 0.6598557692307692 0.6105769230769231 0.20432692307692302 0.7235576923076923
3 0.3052884615384615 0.11298076923076925 0.050480769230769273 0.18389423076923078
3 0.41706730769230765 0.11778846153846154 0.06610576923076927 0.22836538461538464
3 0.3605769230769231 0.11899038461538461 0.055288461538461564 0.22235576923076922
3 0.6814903846153846 0.11899038461538461 0.06129807692307698 0.20673076923076922
