6 0.5480769230769231 0.46634615384615385 0.012019230769230727 0.02043269230769229
6 0.12980769230769224 0.4819711538461538 0.019230769230769273 0.024038461538461564
5 0.5492788461538461 0.43990384615384615 0.024038461538461453 0.04807692307692313
5 0.13581730769230776 0.4567307692307693 0.027644230769230727 0.04567307692307687
5 0.7487980769230769 0.4338942307692307 0.027644230769230727 0.05288461538461542
5 0.7800480769230769 0.4338942307692307 0.025240384615384692 0.04567307692307687
5 0.8004807692307692 0.4338942307692307 0.027644230769230727 0.05649038461538458
3 0.5504807692307692 0.43629807692307687 0.04326923076923084 0.09975961538461542
3 0.7463942307692307 0.42307692307692313 0.03605769230769229 0.09375
3 0.7752403846153846 0.4230769230769231 0.027644230769230838 0.08173076923076927
3 0.8040865384615384 0.4182692307692307 0.03605769230769229 0.09975961538461542
3 0.13461538461538458 0.4411057692307693 0.04086538461538458 0.11418269230769229
