4 0.8737980769230769 0.6658653846153846 0.055288461538461564 0.055288461538461564
4 0.8185096153846154 0.641826923076923 0.038461538461538436 0.04567307692307687
7 0.6310096153846154 0.6574519230769231 0.03485576923076916 0.03125
7 0.5420673076923077 0.6454326923076923 0.04326923076923084 0.03725961538461542
5 0.8822115384615384 0.563701923076923 0.07331730769230771 0.12620192307692313
3 0.8774038461538461 0.5012019230769231 0.08894230769230771 0.3966346153846153
3 0.8064903846153846 0.4951923076923077 0.09375 0.33173076923076916
3 0.6213942307692307 0.49158653846153844 0.07331730769230771 0.3701923076923077
3 0.5336538461538461 0.4723557692307692 0.08293269230769229 0.3846153846153847
3 0.3425480769230769 0.6430288461538461 0.10576923076923073 0.43629807692307687
