2 0.6490384615384616 0.6706730769230769 0.06730769230769229 0.04086538461538458
2 0.6322115384615384 0.2403846153846154 0.10096153846153855 0.05288461538461536
2 0.6298076923076923 0.5745192307692307 0.09735576923076916 0.05649038461538458
2 0.6262019230769231 0.8701923076923077 0.09014423076923073 0.05649038461538458
2 0.6262019230769231 0.9399038461538461 0.07451923076923073 0.03605769230769229
2 0.6189903846153846 0.7043269230769231 0.08413461538461531 0.050480769230769273
2 0.6057692307692308 0.3425480769230769 0.06971153846153844 0.03605769230769229
2 0.59375 0.4495192307692308 0.09014423076923084 0.05769230769230771
2 0.5925480769230769 0.171875 0.08413461538461531 0.046875
2 0.5925480769230769 0.28846153846153844 0.07211538461538458 0.04807692307692307
2 0.5564903846153846 0.09375 0.10336538461538458 0.0685096153846154
3 0.5324519230769231 0.9399038461538461 0.2872596153846153 0.08293269230769229
3 0.4747596153846154 0.359375 0.34735576923076916 0.08413461538461542
3 0.42067307692307687 0.71875 0.4951923076923077 0.12139423076923073
3 0.4158653846153846 0.5913461538461539 0.5048076923076923 0.13942307692307687
3 0.40745192307692313 0.8725961538461537 0.5252403846153846 0.16346153846153844
3 0.40384615384615385 0.4591346153846153 0.49278846153846145 0.13942307692307687
3 0.39302884615384615 0.24158653846153846 0.5829326923076923 0.13581730769230765
3 0.3125 0.08052884615384617 0.6057692307692308 0.15504807692307693
