6 0.6778846153846153 0.3810096153846155 0.1923076923076923 0.21995192307692302
1 0.6538461538461539 0.17067307692307687 0.11057692307692313 0.1610576923076923
1 0.5721153846153846 0.39903846153846156 0.08173076923076927 0.1454326923076923
3 0.5240384615384616 0.7379807692307692 0.9134615384615385 0.25
3 0.4903846153846154 0.13942307692307687 0.9098557692307692 0.2752403846153846
3 0.3942307692307693 0.3870192307692307 0.7860576923076923 0.40625
5 0.19350961538461542 0.3689903846153846 0.37139423076923084 0.3545673076923077
6 0.8737980769230769 0.7608173076923077 0.21754807692307698 0.18149038461538458
6 0.7920673076923077 0.13100961538461542 0.30048076923076916 0.2596153846153846
1 0.7704326923076923 0.7932692307692307 0.11899038461538458 0.1454326923076923
