6 0.2980769230769231 0.24158653846153846 0.24879807692307696 0.18870192307692307
6 0.7704326923076923 0.16466346153846154 0.1875 0.14543269230769235
5 0.2860576923076923 0.6346153846153846 0.5528846153846154 0.4795673076923077
5 0.4891826923076923 0.49158653846153844 0.28125 0.3701923076923077
5 0.8329326923076923 0.483173076923077 0.33173076923076916 0.42668269230769235
3 0.25240384615384615 0.5697115384615384 0.4579326923076923 0.8401442307692306
3 0.5060096153846154 0.5588942307692307 0.3233173076923077 0.8653846153846154
3 0.8245192307692307 0.5396634615384616 0.34495192307692313 0.9074519230769231
1 0.3317307692307692 0.3317307692307692 0.11418269230769229 0.04206730769230771
1 0.47475961538461536 0.2644230769230769 0.10096153846153844 0.038461538461538436
