5 0.8088942307692308 0.49158653846153844 0.17307692307692302 0.3016826923076923
5 0.655048076923077 0.5096153846153846 0.1358173076923077 0.25721153846153844
5 0.5372596153846154 0.5288461538461539 0.12139423076923073 0.21995192307692313
5 0.39903846153846156 0.5372596153846154 0.1358173076923077 0.2295673076923076
5 0.19471153846153844 0.5012019230769231 0.13461538461538458 0.25360576923076916
7 0.7752403846153846 0.7223557692307692 0.1045673076923076 0.07211538461538458
7 0.6286057692307693 0.6935096153846154 0.07331730769230771 0.078125
7 0.5504807692307692 0.7007211538461539 0.078125 0.07331730769230771
7 0.42548076923076933 0.7151442307692308 0.09014423076923073 0.07211538461538469
7 0.20072115384615385 0.7091346153846154 0.09855769230769229 0.07692307692307698
3 0.8245192307692307 0.39182692307692313 0.2139423076923077 0.7620192307692308
3 0.6622596153846154 0.40504807692307687 0.15504807692307698 0.6550480769230769
3 0.5252403846153846 0.41346153846153844 0.1875 0.6887019230769231
3 0.3858173076923077 0.4158653846153846 0.19110576923076916 0.7043269230769231
3 0.17908653846153844 0.3966346153846154 0.23317307692307687 0.7403846153846154
