6 0.5180288461538461 0.7548076923076923 0.08653846153846145 0.08173076923076916
1 0.5240384615384616 0.7211538461538461 0.05288461538461542 0.030048076923076872
7 0.6995192307692308 0.6850961538461539 0.06971153846153844 0.07331730769230771
7 0.34375 0.6670673076923077 0.06850961538461542 0.06610576923076916
1 0.704326923076923 0.6418269230769231 0.05769230769230771 0.025240384615384692
1 0.3449519230769231 0.6274038461538461 0.050480769230769273 0.030048076923076872
5 0.5144230769230769 0.5384615384615384 0.14423076923076927 0.28004807692307687
5 0.7091346153846154 0.46634615384615385 0.14423076923076927 0.2704326923076923
5 0.33413461538461536 0.4495192307692308 0.13942307692307698 0.2716346153846153
3 0.5132211538461539 0.41346153846153844 0.20192307692307687 0.7920673076923077
3 0.7211538461538461 0.38221153846153844 0.23557692307692313 0.7451923076923077
3 0.31490384615384615 0.37379807692307687 0.21754807692307687 0.6935096153846154
