5 0.39423076923076916 0.15504807692307693 0.20673076923076922 0.10576923076923075
5 0.3689903846153847 0.4411057692307692 0.15264423076923078 0.10456730769230771
5 0.6923076923076923 0.43629807692307687 0.24399038461538458 0.09975961538461536
5 0.3846153846153847 0.5685096153846154 0.18389423076923078 0.07451923076923073
5 0.32692307692307687 0.7295673076923077 0.09254807692307693 0.046875
6 0.30889423076923084 0.4939903846153847 0.09495192307692307 0.04567307692307693
6 0.30288461538461536 0.6274038461538461 0.09855769230769229 0.05168269230769229
6 0.26802884615384615 0.7403846153846154 0.04206730769230771 0.02524038461538458
3 0.5084134615384616 0.16225961538461536 0.6983173076923077 0.12019230769230768
3 0.6730769230769231 0.4567307692307693 0.28846153846153844 0.14543269230769235
3 0.4423076923076923 0.43870192307692313 0.41826923076923084 0.16105769230769235
3 0.49278846153846156 0.5901442307692307 0.515625 0.13942307692307687
3 0.3581730769230769 0.7355769230769231 0.24278846153846156 0.06850961538461542
