2 0.3112980769230769 0.436298076923077 0.16826923076923075 0.08894230769230771
2 0.3112980769230769 0.15024038461538458 0.203125 0.125
2 0.3112980769230769 0.8064903846153846 0.21995192307692304 0.11418269230769229
2 0.3497596153846154 0.7043269230769231 0.16105769230769235 0.07932692307692302
2 0.3798076923076923 0.3762019230769231 0.08173076923076922 0.06129807692307698
2 0.3858173076923077 0.23197115384615385 0.08774038461538458 0.03846153846153855
2 0.3918269230769231 0.5348557692307693 0.10456730769230771 0.05649038461538458
2 0.423076923076923 0.27524038461538464 0.06850961538461536 0.038461538461538436
3 0.5721153846153846 0.2932692307692307 0.360576923076923 0.09855769230769229
3 0.5913461538461539 0.8677884615384616 0.7704326923076923 0.24038461538461542
3 0.5973557692307693 0.17307692307692307 0.7752403846153846 0.31971153846153844
3 0.6117788461538461 0.4471153846153847 0.7704326923076923 0.2235576923076923
3 0.6286057692307693 0.6862980769230769 0.7379807692307694 0.20913461538461542
