3 0.3389423076923077 0.8293269230769231 0.6466346153846154 0.12620192307692302
3 0.3858173076923077 0.7872596153846154 0.5504807692307692 0.109375
3 0.45432692307692313 0.6286057692307692 0.4591346153846154 0.11538461538461531
3 0.48557692307692313 0.5973557692307693 0.40625 0.05168269230769229
3 0.4795673076923077 0.5661057692307693 0.4122596153846154 0.07331730769230771
3 0.5060096153846154 0.53125 0.420673076923077 0.08413461538461542
3 0.5276442307692308 0.4747596153846154 0.3713942307692307 0.08293269230769229
3 0.4807692307692307 0.24879807692307687 0.6213942307692306 0.15264423076923084
3 0.5384615384615384 0.08173076923076927 0.46875 0.12620192307692313
5 0.4266826923076923 0.8401442307692308 0.28485576923076916 0.09975961538461531
5 0.5276442307692307 0.6442307692307692 0.15745192307692313 0.078125
5 0.5372596153846154 0.5709134615384616 0.17788461538461542 0.06370192307692313
5 0.5612980769230769 0.5324519230769231 0.171875 0.058894230769230727
5 0.5709134615384616 0.48557692307692313 0.14182692307692313 0.06129807692307687
5 0.5745192307692308 0.23317307692307687 0.21153846153846156 0.09855769230769229
5 0.6129807692307692 0.09495192307692313 0.1610576923076924 0.08413461538461542
4 0.6237980769230769 0.8401442307692308 0.06971153846153844 0.07692307692307698
4 0.641826923076923 0.6502403846153847 0.06129807692307687 0.04807692307692313
4 0.6634615384615384 0.5697115384615384 0.05528846153846145 0.03605769230769229
4 0.6862980769230769 0.5432692307692308 0.05288461538461531 0.03125
4 0.6814903846153846 0.4783653846153846 0.04567307692307698 0.02644230769230771
4 0.6682692307692307 0.5985576923076923 0.03605769230769229 0.03125
4 0.7451923076923077 0.2512019230769231 0.08173076923076916 0.06610576923076927
4 0.7283653846153846 0.11298076923076927 0.07692307692307698 0.05168269230769229
