2 0.8569711538461537 0.4170673076923077 0.038461538461538436 0.06610576923076922
2 0.6502403846153846 0.43629807692307687 0.046875 0.08413461538461536
2 0.4951923076923077 0.4639423076923077 0.05288461538461542 0.09975961538461542
2 0.34615384615384615 0.46875 0.03245192307692307 0.05889423076923078
2 0.3870192307692308 0.47475961538461536 0.03605769230769229 0.055288461538461564
2 0.3004807692307693 0.4831730769230769 0.04086538461538464 0.08173076923076927
2 0.44711538461538464 0.484375 0.03605769230769229 0.07211538461538458
2 0.328125 0.49038461538461536 0.025240384615384637 0.055288461538461564
2 0.03245192307692308 0.5168269230769231 0.03485576923076923 0.06730769230769229
2 0.15024038461538458 0.5204326923076923 0.04206730769230768 0.08413461538461542
2 0.19230769230769232 0.5288461538461539 0.015625 0.04206730769230771
2 0.11177884615384616 0.5348557692307693 0.024038461538461536 0.04206730769230771
3 0.3966346153846154 0.5793269230769231 0.06370192307692307 0.2560096153846154
3 0.8473557692307693 0.5829326923076923 0.11418269230769229 0.3966346153846154
3 0.6346153846153846 0.6177884615384616 0.11899038461538458 0.45432692307692313
3 0.05048076923076923 0.6670673076923077 0.09014423076923075 0.3497596153846154
3 0.5012019230769231 0.6742788461538461 0.1454326923076923 0.4951923076923077
3 0.15384615384615385 0.6754807692307693 0.11778846153846155 0.4170673076923077
3 0.295673076923077 0.6838942307692307 0.12980769230769235 0.4735576923076923
