2 0.3004807692307693 0.42307692307692313 0.04326923076923078 0.07211538461538464
2 0.3377403846153846 0.4495192307692308 0.04807692307692307 0.08293269230769229
2 0.03245192307692308 0.45192307692307687 0.05288461538461538 0.07692307692307693
2 0.7307692307692307 0.4627403846153846 0.0625 0.09374999999999994
2 0.38461538461538464 0.46634615384615385 0.03125 0.05769230769230771
2 0.5480769230769231 0.4675480769230769 0.043269230769230727 0.07451923076923073
2 0.25721153846153844 0.47596153846153844 0.05288461538461539 0.07692307692307687
2 0.47836538461538464 0.4783653846153847 0.055288461538461564 0.08293269230769235
3 0.40024038461538464 0.6310096153846154 0.07331730769230771 0.40264423076923084
3 0.03485576923076923 0.6370192307692307 0.06129807692307693 0.46995192307692313
3 0.5637019230769231 0.6394230769230769 0.078125 0.420673076923077
3 0.23677884615384615 0.6622596153846154 0.10456730769230771 0.4627403846153846
3 0.33173076923076916 0.6646634615384616 0.08413461538461536 0.5048076923076923
3 0.4951923076923077 0.6742788461538461 0.09975961538461542 0.45432692307692313
3 0.7355769230769231 0.703125 0.1610576923076923 0.578125
