7 0.19471153846153846 0.5733173076923077 0.03125 0.02163461538461542
3 0.2608173076923077 0.5793269230769231 0.16225961538461542 0.055288461538461564
7 0.31370192307692313 0.7175480769230769 0.030048076923076927 0.024038461538461564
7 0.3185096153846153 0.7139423076923077 0.03725961538461536 0.04326923076923084
7 0.34375 0.3485576923076923 0.03125 0.02163461538461542
7 0.344951923076923 0.49278846153846156 0.03245192307692307 0.02524038461538458
7 0.3689903846153847 0.4615384615384615 0.030048076923076927 0.019230769230769273
3 0.37740384615384615 0.7223557692307692 0.17067307692307693 0.046875
3 0.39903846153846156 0.49879807692307687 0.140625 0.03605769230769229
3 0.4110576923076923 0.34375 0.16225961538461542 0.04086538461538458
3 0.41947115384615385 0.4278846153846154 0.14182692307692307 0.03725961538461542
3 0.43149038461538464 0.4651442307692307 0.15264423076923073 0.03725961538461542
7 0.5997596153846154 0.07451923076923073 0.03245192307692313 0.03605769230769229
