7 0.5252403846153846 0.2391826923076923 0.06730769230769229 0.046875
7 0.25841346153846156 0.655048076923077 0.0324519230769231 0.02644230769230771
7 0.15625 0.10336538461538458 0.05649038461538461 0.04206730769230771
4 0.5841346153846154 0.3810096153846154 0.07331730769230771 0.04807692307692313
4 0.5348557692307692 0.6274038461538461 0.043269230769230727 0.04567307692307687
5 0.3173076923076923 0.657451923076923 0.07451923076923078 0.04567307692307687
5 0.611778846153846 0.6466346153846154 0.10096153846153844 0.05649038461538469
5 0.6802884615384615 0.42908653846153844 0.13701923076923073 0.08293269230769229
5 0.6358173076923077 0.234375 0.14663461538461542 0.09975961538461542
5 0.2512019230769231 0.08413461538461542 0.140625 0.08774038461538458
3 0.5865384615384616 0.6346153846153847 0.15504807692307687 0.08894230769230771
3 0.3713942307692307 0.655048076923077 0.23798076923076922 0.07692307692307687
3 0.358173076923077 0.5108173076923077 0.19711538461538464 0.07211538461538458
3 0.6658653846153846 0.4182692307692307 0.22235576923076916 0.11418269230769229
3 0.6658653846153846 0.22596153846153838 0.3365384615384616 0.11778846153846156
3 0.32091346153846156 0.08653846153846156 0.39182692307692313 0.09975961538461542
