3 0.6862980769230769 0.21394230769230768 0.5949519230769231 0.22836538461538464
3 0.7475961538461539 0.39182692307692313 0.48557692307692313 0.16586538461538464
3 0.6778846153846154 0.5504807692307694 0.5889423076923077 0.20673076923076927
3 0.6694711538461539 0.7644230769230769 0.6358173076923077 0.23317307692307698
5 0.7163461538461537 0.22836538461538458 0.38221153846153844 0.19711538461538458
5 0.8221153846153846 0.3954326923076923 0.329326923076923 0.17548076923076922
5 0.6923076923076923 0.53125 0.3533653846153846 0.17788461538461542
5 0.7487980769230769 0.7764423076923077 0.4471153846153846 0.23798076923076916
6 0.436298076923077 0.24639423076923078 0.12980769230769235 0.12860576923076925
6 0.5540865384615384 0.38942307692307687 0.10817307692307687 0.09975961538461536
6 0.436298076923077 0.5120192307692307 0.11057692307692307 0.09375
6 0.42067307692307687 0.7391826923076923 0.14423076923076922 0.15625
1 0.48317307692307687 0.2536057692307692 0.03245192307692307 0.06971153846153844
1 0.45913461538461536 0.7379807692307694 0.046875 0.08173076923076927
