3 0.5649038461538461 0.13221153846153846 0.7355769230769231 0.15985576923076922
3 0.5925480769230769 0.265625 0.5072115384615384 0.140625
3 0.608173076923077 0.3846153846153846 0.5144230769230769 0.09975961538461536
3 0.5973557692307692 0.47596153846153844 0.5564903846153846 0.1298076923076923
3 0.6322115384615384 0.6634615384615384 0.5721153846153846 0.1610576923076923
3 0.5721153846153846 0.8978365384615385 0.8088942307692307 0.11778846153846156
3 0.6923076923076923 0.8689903846153846 0.296875 0.07331730769230771
6 0.8713942307692308 0.1502403846153846 0.10576923076923073 0.09495192307692307
6 0.8353365384615384 0.39783653846153844 0.06370192307692313 0.04807692307692307
6 0.8197115384615384 0.46153846153846156 0.08293269230769229 0.05769230769230771
6 0.8052884615384616 0.8677884615384616 0.0625 0.05769230769230771
6 0.9122596153846154 0.9206730769230769 0.10576923076923073 0.08653846153846156
4 0.8076923076923077 0.2692307692307692 0.07451923076923084 0.08894230769230771
5 0.6682692307692308 0.13822115384615385 0.313701923076923 0.1670673076923077
5 0.6658653846153846 0.25600961538461536 0.17548076923076927 0.09254807692307696
5 0.6947115384615384 0.38822115384615385 0.17788461538461542 0.08653846153846151
5 0.703125 0.4675480769230769 0.19711538461538458 0.11298076923076927
5 0.7151442307692308 0.6622596153846154 0.20432692307692302 0.13100961538461542
5 0.6586538461538461 0.9098557692307693 0.34495192307692313 0.11057692307692313
1 0.78125 0.25961538461538464 0.02524038461538458 0.04086538461538461
1 0.8076923076923077 0.3954326923076923 0.02524038461538458 0.03485576923076922
