3 0.2716346153846154 0.6610576923076923 0.19711538461538458 0.6754807692307692
3 0.4855769230769231 0.6754807692307693 0.18028846153846156 0.6346153846153846
3 0.6189903846153846 0.7007211538461539 0.10336538461538458 0.5793269230769231
3 0.7319711538461539 0.6634615384615384 0.1610576923076923 0.671875
3 0.9242788461538461 0.5348557692307693 0.1514423076923077 0.8701923076923077
4 0.2860576923076923 0.36778846153846156 0.09975961538461542 0.11538461538461542
4 0.9278846153846154 0.23557692307692307 0.14182692307692302 0.23557692307692304
6 0.5120192307692307 0.407451923076923 0.08293269230769229 0.08413461538461536
6 0.6310096153846154 0.45192307692307687 0.05649038461538458 0.06850961538461536
6 0.7091346153846154 0.376201923076923 0.08653846153846156 0.09254807692307693
