3 0.24278846153846154 0.6622596153846154 0.13942307692307693 0.467548076923077
3 0.376201923076923 0.7067307692307692 0.12860576923076922 0.4182692307692307
3 0.4987980769230769 0.6838942307692307 0.13221153846153844 0.4266826923076923
3 0.7223557692307693 0.6033653846153846 0.12379807692307687 0.405048076923077
3 0.8846153846153846 0.5264423076923077 0.11057692307692302 0.3689903846153846
3 0.9615384615384616 0.5588942307692308 0.07331730769230771 0.33653846153846156
7 0.4098557692307692 0.8810096153846154 0.06971153846153844 0.07211538461538458
7 0.49278846153846156 0.8545673076923077 0.06610576923076922 0.07211538461538458
7 0.7127403846153846 0.7740384615384616 0.055288461538461564 0.06971153846153855
7 0.9110576923076923 0.6694711538461539 0.050480769230769273 0.08653846153846145
2 0.23317307692307693 0.8557692307692308 0.04206730769230771 0.06129807692307698
