2 0.3076923076923077 0.7067307692307692 0.171875 0.09735576923076927
2 0.3737980769230769 0.5300480769230769 0.11778846153846156 0.07451923076923073
2 0.40264423076923084 0.609375 0.09495192307692307 0.05288461538461542
2 0.40384615384615385 0.25721153846153844 0.12379807692307693 0.06129807692307687
2 0.4122596153846153 0.3425480769230768 0.16225961538461536 0.09254807692307698
2 0.4591346153846154 0.890625 0.10336538461538464 0.0625
3 0.5961538461538461 0.7103365384615384 0.7764423076923077 0.28245192307692313
3 0.6382211538461539 0.5132211538461539 0.6574519230769231 0.16346153846153855
3 0.6526442307692307 0.359375 0.6622596153846154 0.22235576923076916
3 0.6658653846153846 0.24158653846153844 0.6634615384615383 0.1514423076923077
3 0.6971153846153846 0.8882211538461539 0.5889423076923077 0.14903846153846145
