2 0.5949519230769231 0.6526442307692308 0.10576923076923073 0.0625
2 0.5877403846153847 0.3389423076923077 0.07692307692307687 0.03725961538461542
2 0.5685096153846154 0.8605769230769231 0.140625 0.07211538461538458
2 0.5564903846153846 0.24879807692307687 0.08653846153846156 0.03725961538461542
2 0.546875 0.3665865384615384 0.10576923076923084 0.055288461538461564
2 0.5420673076923077 0.19711538461538458 0.06610576923076916 0.02524038461538458
3 0.42548076923076933 0.078125 0.2560096153846153 0.08774038461538458
3 0.4182692307692307 0.17307692307692313 0.3125 0.08894230769230771
3 0.36658653846153844 0.6550480769230769 0.5673076923076923 0.18870192307692302
3 0.3629807692307692 0.24158653846153844 0.4879807692307693 0.09495192307692313
3 0.33653846153846156 0.8497596153846154 0.6129807692307694 0.234375
3 0.3161057692307693 0.359375 0.578125 0.18149038461538458
