3 0.6838942307692306 0.24038461538461542 0.4338942307692307 0.17187500000000003
3 0.8173076923076923 0.49278846153846156 0.34014423076923084 0.2235576923076923
3 0.6862980769230769 0.6862980769230769 0.5168269230769231 0.171875
3 0.5709134615384616 0.5096153846153846 0.17067307692307687 0.09014423076923078
5 0.6057692307692307 0.21514423076923078 0.2079326923076923 0.109375
5 0.7295673076923077 0.5204326923076923 0.13461538461538458 0.12860576923076916
5 0.6418269230769231 0.7079326923076923 0.2139423076923077 0.09735576923076927
0 0.5024038461538461 0.2776442307692308 0.06730769230769229 0.046875
0 0.5144230769230769 0.5072115384615384 0.05168269230769229 0.04206730769230771
0 0.7355769230769231 0.420673076923077 0.12019230769230771 0.04567307692307693
0 0.46153846153846156 0.6911057692307693 0.08173076923076922 0.06129807692307687
0 0.31971153846153844 0.036057692307692304 0.05769230769230771 0.03725961538461539
