7 0.5793269230769231 0.5985576923076923 0.08413461538461542 0.08774038461538458
7 0.4879807692307692 0.5973557692307692 0.019230769230769273 0.02524038461538458
3 0.5805288461538461 0.39903846153846156 0.2079326923076923 0.5072115384615385
3 0.48557692307692313 0.5456730769230769 0.03245192307692313 0.12860576923076927
3 0.36177884615384615 0.5432692307692308 0.03245192307692313 0.13221153846153844
3 0.3040865384615385 0.5324519230769231 0.06971153846153844 0.10096153846153844
3 0.27644230769230776 0.5552884615384616 0.043269230769230727 0.06129807692307687
7 0.3293269230769231 0.5685096153846154 0.019230769230769273 0.025240384615384692
4 0.36057692307692313 0.5961538461538461 0.02043269230769229 0.02043269230769229
4 0.686298076923077 0.5324519230769231 0.016826923076923128 0.019230769230769162
3 0.6754807692307692 0.5084134615384616 0.050480769230769273 0.09254807692307687
