5 0.921875 0.20673076923076927 0.07211538461538458 0.04567307692307687
5 0.9362980769230769 0.02163461538461542 0.06850961538461542 0.03125
4 0.8557692307692307 0.3581730769230768 0.02043269230769229 0.024038461538461564
4 0.9086538461538461 0.26682692307692313 0.030048076923076872 0.02524038461538458
4 0.8822115384615384 0.16586538461538458 0.02043269230769229 0.02644230769230771
3 0.8882211538461539 0.5913461538461539 0.09495192307692313 0.02043269230769229
3 0.8882211538461539 0.5697115384615384 0.09254807692307687 0.03245192307692313
3 0.9194711538461539 0.3629807692307693 0.15745192307692313 0.04807692307692313
3 0.9423076923076923 0.28966346153846156 0.11298076923076927 0.07331730769230771
3 0.9230769230769231 0.20913461538461542 0.13942307692307698 0.04807692307692313
3 0.9338942307692307 0.15985576923076933 0.12620192307692313 0.06971153846153844
