7 0.3401442307692308 0.7644230769230769 0.13221153846153844 0.12139423076923073
7 0.42067307692307687 0.6322115384615385 0.04206730769230771 0.03725961538461531
7 0.6153846153846154 0.15024038461538464 0.10817307692307698 0.10576923076923073
7 0.38942307692307687 0.4362980769230768 0.04567307692307687 0.034855769230769273
7 0.41466346153846156 0.47716346153846156 0.04206730769230771 0.030048076923076872
5 0.12019230769230771 0.7776442307692308 0.22836538461538458 0.17548076923076927
5 0.35697115384615385 0.5096153846153847 0.09855769230769229 0.04807692307692313
5 0.33653846153846156 0.39903846153846156 0.09975961538461542 0.05769230769230771
5 0.3377403846153846 0.11538461538461536 0.40264423076923084 0.18629807692307698
3 0.20673076923076927 0.7824519230769231 0.40625 0.2091346153846153
3 0.35336538461538464 0.6466346153846154 0.18870192307692302 0.08173076923076916
3 0.35096153846153844 0.5 0.18870192307692313 0.07211538461538458
3 0.29567307692307687 0.4098557692307693 0.24038461538461542 0.10336538461538458
3 0.39903846153846156 0.16346153846153844 0.6177884615384615 0.2920673076923077
