3 0.4254807692307693 0.24038461538461536 0.6237980769230769 0.251201923076923
3 0.4783653846153846 0.4963942307692308 0.7019230769230769 0.25721153846153844
3 0.46634615384615385 0.7151442307692307 0.7295673076923077 0.25120192307692313
5 0.5072115384615384 0.2764423076923077 0.25721153846153855 0.19711538461538458
5 0.5588942307692308 0.5264423076923077 0.26923076923076916 0.18149038461538458
5 0.5456730769230769 0.7283653846153846 0.28846153846153844 0.234375
6 0.6887019230769231 0.20192307692307693 0.09975961538461542 0.08774038461538469
6 0.7764423076923077 0.5108173076923077 0.10576923076923084 0.09735576923076916
6 0.7740384615384615 0.7439903846153846 0.11538461538461531 0.10336538461538458
1 0.71875 0.7391826923076923 0.03725961538461542 0.06610576923076927
1 0.6418269230769231 0.2115384615384615 0.03245192307692302 0.050480769230769273
