4 0.3161057692307693 0.9002403846153846 0.06129807692307693 0.0625
4 0.2920673076923077 0.7908653846153846 0.06610576923076922 0.06129807692307698
4 0.326923076923077 0.704326923076923 0.05889423076923078 0.05769230769230771
4 0.31490384615384615 0.6286057692307692 0.04567307692307693 0.055288461538461564
4 0.32692307692307687 0.545673076923077 0.04807692307692307 0.04807692307692313
4 0.2908653846153847 0.47596153846153844 0.05649038461538464 0.06129807692307687
4 0.32572115384615385 0.40504807692307687 0.05168269230769229 0.05649038461538458
4 0.35817307692307687 0.38341346153846156 0.04807692307692307 0.05168269230769229
4 0.298076923076923 0.34014423076923067 0.06610576923076922 0.055288461538461564
4 0.3485576923076923 0.30168269230769235 0.06610576923076922 0.058894230769230727
4 0.2848557692307692 0.2475961538461539 0.0625 0.06971153846153844
4 0.31490384615384615 0.17307692307692313 0.06730769230769229 0.06129807692307687
4 0.28125 0.08533653846153844 0.07211538461538458 0.06129807692307687
3 0.5661057692307693 0.8822115384615384 0.5697115384615385 0.16586538461538458
3 0.5516826923076923 0.7908653846153846 0.5841346153846154 0.125
3 0.5625 0.6983173076923077 0.5348557692307692 0.12860576923076916
3 0.5564903846153846 0.6382211538461539 0.5504807692307692 0.08293269230769229
3 0.5889423076923077 0.5877403846153846 0.48076923076923084 0.09975961538461531
3 0.5564903846153846 0.5408653846153846 0.5216346153846154 0.06971153846153844
3 0.5372596153846154 0.4807692307692307 0.5661057692307692 0.09254807692307687
3 0.6045673076923077 0.390625 0.5276442307692308 0.09375
3 0.5997596153846154 0.2992788461538462 0.5564903846153846 0.10096153846153844
3 0.35096153846153844 0.3401442307692307 0.19951923076923078 0.06370192307692313
3 0.5384615384615384 0.2391826923076923 0.5817307692307694 0.08774038461538458
3 0.5480769230769231 0.18149038461538458 0.5420673076923077 0.09855769230769229
3 0.5480769230769231 0.09735576923076927 0.6310096153846154 0.11538461538461542
