6 0.3762019230769231 0.8810096153846154 0.125 0.11778846153846156
6 0.33653846153846156 0.7752403846153846 0.10336538461538458 0.08653846153846156
0 0.36899038461538464 0.6334134615384616 0.09855769230769229 0.09254807692307687
6 0.3810096153846154 0.46875 0.12139423076923078 0.10336538461538458
6 0.3497596153846153 0.3689903846153846 0.09975961538461536 0.10336538461538458
0 0.4158653846153846 0.2704326923076923 0.12379807692307693 0.10336538461538458
6 0.3341346153846154 0.20072115384615385 0.12620192307692307 0.12620192307692313
5 0.6370192307692307 0.6418269230769231 0.3509615384615385 0.17548076923076916
5 0.6286057692307694 0.4807692307692307 0.3221153846153847 0.13461538461538458
5 0.6286057692307694 0.35697115384615385 0.3473557692307693 0.12019230769230771
5 0.6490384615384616 0.25961538461538464 0.34375 0.10576923076923073
5 0.6658653846153846 0.17067307692307687 0.423076923076923 0.16225961538461542
3 0.6526442307692307 0.8810096153846154 0.6911057692307694 0.15985576923076916
3 0.6394230769230769 0.7836538461538461 0.7175480769230769 0.1298076923076923
3 0.5793269230769231 0.6394230769230769 0.5408653846153846 0.16826923076923084
3 0.5697115384615384 0.4891826923076923 0.515625 0.14663461538461542
3 0.5637019230769231 0.3557692307692307 0.5276442307692308 0.1358173076923077
3 0.5889423076923077 0.2620192307692307 0.47235576923076916 0.109375
3 0.6346153846153846 0.17788461538461536 0.7259615384615383 0.15504807692307698
