6 0.7572115384615384 0.3894230769230769 0.15625 0.1358173076923076
7 0.7548076923076923 0.6370192307692307 0.140625 0.1454326923076923
1 0.6923076923076923 0.37740384615384615 0.08173076923076916 0.09495192307692313
1 0.6862980769230769 0.6334134615384616 0.05889423076923084 0.09855769230769229
6 0.5697115384615384 0.5096153846153846 0.125 0.15504807692307698
1 0.4891826923076923 0.5060096153846154 0.05889423076923084 0.09375
3 0.43509615384615385 0.27403846153846156 0.8425480769230769 0.32692307692307687
3 0.42307692307692313 0.6899038461538461 0.8221153846153846 0.26682692307692313
5 0.3485576923076923 0.3088942307692308 0.5721153846153846 0.2716346153846153
3 0.32091346153846156 0.5060096153846154 0.6201923076923077 0.22836538461538458
5 0.2920673076923077 0.6899038461538461 0.5408653846153846 0.2295673076923077
5 0.18870192307692313 0.5072115384615384 0.36298076923076916 0.2235576923076923
