2 0.4050480769230768 0.4314903846153847 0.050480769230769273 0.07932692307692307
2 0.7956730769230769 0.44471153846153844 0.038461538461538436 0.06850961538461542
2 0.2235576923076923 0.4519230769230769 0.05649038461538458 0.08293269230769229
2 0.6862980769230769 0.45432692307692313 0.034855769230769273 0.05649038461538464
2 0.30408653846153844 0.46033653846153844 0.04206730769230771 0.06730769230769229
2 0.5348557692307692 0.46995192307692313 0.034855769230769273 0.05649038461538464
2 0.9242788461538461 0.48317307692307687 0.030048076923076872 0.05288461538461536
2 0.09014423076923073 0.49158653846153844 0.04206730769230771 0.06370192307692313
3 0.7956730769230769 0.5985576923076923 0.11298076923076927 0.3966346153846154
3 0.9278846153846154 0.6045673076923077 0.08653846153846156 0.2872596153846154
3 0.6947115384615384 0.6045673076923077 0.10336538461538458 0.35576923076923084
3 0.09495192307692313 0.6153846153846154 0.109375 0.328125
3 0.5432692307692308 0.6177884615384616 0.09735576923076927 0.359375
3 0.30408653846153844 0.6322115384615383 0.10817307692307687 0.4122596153846153
3 0.3966346153846154 0.6394230769230769 0.1298076923076923 0.5096153846153846
3 0.22235576923076933 0.6478365384615384 0.12139423076923073 0.4735576923076923
