2 0.7175480769230769 0.5108173076923077 0.07932692307692302 0.03725961538461542
2 0.7019230769230769 0.8473557692307693 0.06971153846153844 0.04206730769230771
2 0.6995192307692308 0.42548076923076916 0.12139423076923073 0.06610576923076922
2 0.6971153846153846 0.5685096153846154 0.07451923076923084 0.03605769230769229
2 0.6959134615384616 0.24879807692307693 0.10096153846153855 0.05769230769230771
2 0.6911057692307693 0.3185096153846153 0.08293269230769229 0.05048076923076922
2 0.6911057692307692 0.12980769230769232 0.08774038461538458 0.05288461538461538
2 0.6790865384615384 0.9362980769230769 0.06730769230769229 0.038461538461538436
2 0.6670673076923077 0.5925480769230769 0.11298076923076916 0.06129807692307687
2 0.6550480769230769 0.8064903846153846 0.08774038461538458 0.05769230769230771
3 0.5288461538461539 0.9387019230769231 0.37379807692307687 0.10096153846153844
3 0.5252403846153846 0.5132211538461539 0.4747596153846153 0.10456730769230771
3 0.4795673076923077 0.33653846153846156 0.5036057692307692 0.11899038461538458
3 0.47115384615384615 0.1310096153846154 0.5360576923076923 0.13942307692307693
3 0.4435096153846154 0.24639423076923078 0.6129807692307692 0.11418269230769229
3 0.43870192307692313 0.7896634615384616 0.53125 0.15745192307692313
3 0.3846153846153846 0.42788461538461536 0.7463942307692308 0.16346153846153844
3 0.375 0.609375 0.6971153846153846 0.17548076923076916
