6 0.14903846153846156 0.8822115384615384 0.140625 0.140625
6 0.6574519230769231 0.8293269230769231 0.14182692307692302 0.15745192307692302
7 0.3870192307692308 0.8149038461538461 0.14182692307692302 0.15504807692307687
7 0.8810096153846154 0.8112980769230769 0.17067307692307698 0.171875
5 0.12860576923076922 0.4495192307692307 0.24278846153846156 0.5552884615384615
5 0.36658653846153844 0.3942307692307693 0.2451923076923077 0.5168269230769231
5 0.6442307692307693 0.3798076923076923 0.23557692307692313 0.5661057692307692
5 0.8762019230769231 0.32091346153846156 0.2451923076923077 0.6358173076923077
3 0.15024038461538458 0.4807692307692307 0.265625 0.9362980769230769
3 0.3737980769230769 0.4471153846153846 0.2776442307692307 0.875
3 0.6370192307692307 0.45432692307692313 0.2548076923076923 0.890625
3 0.8653846153846154 0.46033653846153844 0.2560096153846154 0.9134615384615385
