2 0.24399038461538464 0.9014423076923077 0.18028846153846156 0.09735576923076916
2 0.2704326923076923 0.7043269230769231 0.15024038461538458 0.08413461538461542
2 0.27403846153846156 0.33052884615384615 0.1358173076923077 0.06730769230769229
2 0.2776442307692308 0.16586538461538464 0.13942307692307696 0.06971153846153844
2 0.28004807692307687 0.48197115384615385 0.13100961538461536 0.07932692307692313
2 0.2908653846153847 0.8185096153846154 0.16105769230769235 0.09254807692307698
3 0.5276442307692307 0.1358173076923077 0.6189903846153846 0.203125
3 0.5769230769230769 0.9170673076923077 0.8245192307692308 0.11899038461538458
3 0.5841346153846154 0.3185096153846154 0.7740384615384617 0.19951923076923084
3 0.6009615384615384 0.6983173076923077 0.7920673076923077 0.17548076923076916
3 0.6009615384615384 0.4963942307692307 0.7764423076923077 0.17788461538461542
3 0.6081730769230769 0.8341346153846154 0.7800480769230769 0.1298076923076924
