2 0.24759615384615388 0.3185096153846154 0.1947115384615385 0.09375
2 0.25961538461538464 0.9362980769230769 0.19471153846153844 0.09975961538461531
2 0.2668269230769231 0.8521634615384616 0.16826923076923075 0.10817307692307687
2 0.295673076923077 0.657451923076923 0.15024038461538464 0.07331730769230771
2 0.2956730769230769 0.19350961538461536 0.15625 0.09254807692307698
2 0.2980769230769231 0.4951923076923077 0.15985576923076925 0.09014423076923084
3 0.5673076923076923 0.3125 0.8497596153846154 0.203125
3 0.5805288461538461 0.8341346153846154 0.8365384615384615 0.1454326923076924
3 0.6021634615384616 0.6598557692307692 0.7920673076923077 0.1935096153846153
3 0.6033653846153846 0.1670673076923077 0.7908653846153846 0.19711538461538458
3 0.6033653846153846 0.4855769230769231 0.7884615384615383 0.22596153846153844
