6 0.6442307692307693 0.3137019230769231 0.03245192307692313 0.02043269230769229
6 0.5637019230769231 0.22475961538461536 0.03605769230769229 0.02524038461538461
6 0.48197115384615385 0.23557692307692307 0.024038461538461564 0.019230769230769246
6 0.49759615384615385 0.3401442307692307 0.02644230769230771 0.021634615384615363
6 0.46875 0.38942307692307687 0.019230769230769218 0.019230769230769218
6 0.59375 0.44591346153846156 0.04086538461538458 0.02043269230769229
3 0.6802884615384616 0.2956730769230769 0.10336538461538458 0.05769230769230771
3 0.6237980769230769 0.24158653846153844 0.15504807692307698 0.05769230769230768
3 0.5096153846153846 0.2403846153846154 0.078125 0.03725961538461536
3 0.5552884615384616 0.3485576923076923 0.14182692307692313 0.046875
3 0.5168269230769231 0.39302884615384615 0.11538461538461542 0.03605769230769229
3 0.6466346153846154 0.44471153846153844 0.15625 0.04807692307692307
