7 0.6802884615384616 0.4158653846153846 0.024038461538461453 0.03725961538461542
7 0.6382211538461539 0.41346153846153844 0.03245192307692313 0.03605769230769229
7 0.7692307692307692 0.44471153846153844 0.030048076923076983 0.03245192307692313
7 0.7055288461538461 0.5276442307692308 0.030048076923076872 0.03125
7 0.6658653846153846 0.5697115384615384 0.027644230769230838 0.02644230769230771
7 0.6442307692307692 0.6009615384615383 0.02524038461538458 0.025240384615384692
7 0.5661057692307692 0.7512019230769231 0.024038461538461564 0.02524038461538458
7 0.43870192307692313 0.764423076923077 0.02043269230769229 0.02644230769230771
7 0.4963942307692307 0.5456730769230769 0.024038461538461453 0.03125
7 0.3713942307692307 0.4338942307692307 0.03125 0.046875
7 0.34495192307692313 0.5889423076923077 0.02524038461538458 0.03485576923076916
7 0.32451923076923067 0.5480769230769231 0.024038461538461564 0.03125
7 0.2872596153846154 0.59375 0.03125 0.03725961538461542
7 0.18629807692307687 0.5745192307692308 0.02163461538461542 0.03125
7 0.11057692307692313 0.5252403846153846 0.03125 0.03725961538461531
7 0.04086538461538458 0.5913461538461539 0.03245192307692313 0.03605769230769229
6 0.8653846153846154 0.561298076923077 0.02644230769230771 0.03245192307692313
5 0.8701923076923077 0.49158653846153844 0.05288461538461542 0.10096153846153855
5 0.686298076923077 0.3473557692307692 0.05168269230769229 0.11298076923076927
5 0.717548076923077 0.4435096153846154 0.03245192307692313 0.07331730769230771
5 0.6322115384615384 0.34615384615384615 0.04807692307692313 0.09495192307692313
5 0.47115384615384615 0.4963942307692307 0.05769230769230771 0.07932692307692313
5 0.39062499999999994 0.5036057692307692 0.050480769230769273 0.0673076923076924
5 0.3137019230769232 0.48197115384615385 0.043269230769230727 0.09495192307692313
5 0.29567307692307687 0.5456730769230769 0.03245192307692313 0.06971153846153844
5 0.10576923076923078 0.4543269230769232 0.043269230769230727 0.09495192307692302
5 0.048076923076923184 0.5240384615384616 0.043269230769230727 0.09855769230769229
3 0.8665865384615384 0.4543269230769232 0.07331730769230771 0.251201923076923
3 0.8112980769230769 0.4411057692307693 0.06850961538461531 0.24399038461538458
3 0.7740384615384615 0.3930288461538462 0.055288461538461564 0.13221153846153844
3 0.7115384615384616 0.4254807692307693 0.05769230769230771 0.234375
3 0.6862980769230769 0.3076923076923077 0.0625 0.2752403846153846
3 0.6322115384615384 0.29927884615384615 0.06971153846153855 0.2704326923076923
3 0.6658653846153847 0.5012019230769231 0.05168269230769229 0.18028846153846156
3 0.6358173076923077 0.5108173076923077 0.05288461538461542 0.20913461538461542
3 0.5757211538461539 0.6622596153846154 0.06971153846153855 0.203125
3 0.4254807692307693 0.6766826923076923 0.05649038461538458 0.21274038461538458
3 0.22235576923076933 0.7331730769230769 0.058894230769230727 0.15024038461538458
3 0.37860576923076933 0.39182692307692313 0.058894230769230727 0.12019230769230771
3 0.31250000000000006 0.45432692307692313 0.058894230769230727 0.2139423076923077
3 0.34014423076923067 0.5552884615384616 0.055288461538461564 0.09495192307692313
3 0.2908653846153845 0.5204326923076923 0.055288461538461564 0.17788461538461542
3 0.18870192307692313 0.46995192307692313 0.078125 0.24399038461538458
3 0.11057692307692313 0.421875 0.07211538461538458 0.24639423076923084
3 0.04807692307692313 0.49038461538461536 0.06129807692307687 0.24879807692307698
