4 0.9338942307692308 0.39903846153846156 0.07932692307692302 0.0625
4 0.8004807692307692 0.3846153846153847 0.06850961538461531 0.07211538461538464
4 0.7403846153846153 0.3497596153846153 0.04807692307692313 0.07692307692307693
4 0.6682692307692307 0.3016826923076923 0.12620192307692313 0.125
4 0.545673076923077 0.3557692307692308 0.08894230769230771 0.08894230769230771
4 0.45793269230769224 0.3786057692307692 0.06610576923076927 0.06971153846153844
4 0.3185096153846154 0.41225961538461536 0.05769230769230771 0.0625
3 0.9230769230769231 0.6105769230769231 0.15264423076923073 0.5192307692307692
3 0.8125 0.5793269230769231 0.08173076923076916 0.469951923076923
3 0.7692307692307692 0.6394230769230769 0.10336538461538458 0.6814903846153846
3 0.6694711538461539 0.6057692307692307 0.21153846153846145 0.7487980769230769
3 0.5685096153846154 0.6358173076923077 0.1358173076923076 0.6814903846153846
3 0.46875 0.6394230769230769 0.09375 0.6286057692307692
3 0.40264423076923067 0.609375 0.050480769230769273 0.5096153846153846
3 0.2704326923076923 0.6105769230769231 0.203125 0.5
