5 0.5324519230769231 0.6778846153846154 0.3858173076923077 0.640625
5 0.1802884615384615 0.42788461538461536 0.12019230769230768 0.2079326923076924
3 0.5456730769230769 0.5276442307692307 0.4759615384615384 0.9423076923076923
3 0.17548076923076922 0.5168269230769231 0.16225961538461542 0.6033653846153846
3 0.3473557692307693 0.4375 0.13461538461538464 0.43389423076923084
3 0.6742788461538461 0.344951923076923 0.1358173076923077 0.2451923076923077
3 0.8533653846153846 0.5228365384615384 0.14903846153846156 0.6081730769230769
2 0.49879807692307687 0.17548076923076922 0.17788461538461536 0.21995192307692302
2 0.3605769230769231 0.2560096153846154 0.0625 0.0625
2 0.6658653846153846 0.265625 0.09254807692307698 0.07451923076923084
2 0.8401442307692307 0.25961538461538464 0.07211538461538458 0.07211538461538469
