6 0.20552884615384615 0.3245192307692308 0.07331730769230771 0.11057692307692302
6 0.280048076923077 0.16466346153846156 0.04567307692307693 0.05168269230769229
6 0.3161057692307692 0.1826923076923077 0.03605769230769229 0.046875
6 0.4314903846153847 0.19951923076923078 0.04086538461538464 0.050480769230769273
6 0.5060096153846154 0.19711538461538458 0.03725961538461542 0.046875
6 0.5276442307692307 0.2668269230769231 0.06850961538461542 0.07451923076923073
6 0.7572115384615383 0.20432692307692307 0.038461538461538436 0.04086538461538469
6 0.8665865384615384 0.17548076923076922 0.030048076923076872 0.03245192307692302
6 0.9495192307692307 0.21274038461538458 0.03725961538461542 0.03485576923076916
5 0.15985576923076922 0.4891826923076923 0.16586538461538458 0.3221153846153846
5 0.5444711538461539 0.4122596153846154 0.12019230769230771 0.19711538461538458
5 0.27163461538461536 0.27283653846153844 0.05769230769230771 0.1358173076923077
5 0.3221153846153847 0.2704326923076923 0.05889423076923078 0.12860576923076916
5 0.42067307692307687 0.296875 0.08173076923076922 0.13701923076923084
5 0.5 0.26802884615384615 0.05288461538461542 0.09495192307692313
5 0.7415865384615384 0.2848557692307692 0.06129807692307687 0.11778846153846156
5 0.8497596153846154 0.24158653846153844 0.05769230769230771 0.10096153846153855
5 0.9495192307692307 0.27283653846153844 0.06129807692307687 0.08653846153846145
3 0.14783653846153846 0.5745192307692307 0.21754807692307693 0.5973557692307694
3 0.27403846153846156 0.282451923076923 0.05769230769230771 0.2704326923076923
3 0.31971153846153844 0.3088942307692307 0.05889423076923078 0.2860576923076923
3 0.4170673076923077 0.3317307692307693 0.06850961538461542 0.3076923076923077
3 0.4963942307692308 0.3245192307692307 0.043269230769230727 0.3076923076923077
3 0.5492788461538461 0.4951923076923077 0.15504807692307687 0.515625
3 0.7355769230769231 0.3088942307692307 0.09375 0.2608173076923077
3 0.846153846153846 0.2908653846153846 0.06971153846153844 0.265625
3 0.9495192307692307 0.29927884615384615 0.06730769230769229 0.2295673076923077
