6 0.9302884615384616 0.19110576923076922 0.05769230769230771 0.11418269230769229
6 0.7007211538461539 0.23317307692307693 0.05769230769230771 0.11418269230769229
6 0.08774038461538464 0.14182692307692307 0.06971153846153844 0.07932692307692307
6 0.3341346153846155 0.45072115384615385 0.058894230769230727 0.11778846153846151
5 0.2956730769230769 0.7331730769230769 0.16346153846153844 0.3846153846153846
5 0.8822115384615384 0.3076923076923077 0.1298076923076923 0.26923076923076916
5 0.6081730769230769 0.3112980769230769 0.13701923076923084 0.19110576923076925
5 0.09014423076923067 0.358173076923077 0.11778846153846156 0.30168269230769235
3 0.8846153846153846 0.358173076923077 0.15625 0.46394230769230776
3 0.6370192307692308 0.2932692307692308 0.19350961538461542 0.24879807692307696
3 0.28004807692307687 0.6862980769230769 0.19711538461538458 0.5985576923076923
3 0.08774038461538458 0.43629807692307687 0.1610576923076923 0.671875
