3 0.5673076923076923 0.8185096153846154 0.84375 0.21995192307692302
3 0.4699519230769231 0.18870192307692313 0.6802884615384616 0.2716346153846154
3 0.3942307692307692 0.09615384615384615 0.5901442307692307 0.13942307692307687
3 0.18149038461538458 0.044471153846153855 0.3125 0.08293269230769229
5 0.40865384615384615 0.8185096153846154 0.31370192307692313 0.15745192307692302
5 0.2776442307692308 0.21514423076923073 0.15625 0.140625
5 0.3401442307692308 0.09735576923076922 0.2848557692307693 0.14423076923076927
5 0.16706730769230768 0.039663461538461564 0.15024038461538464 0.07692307692307687
6 0.20673076923076925 0.7560096153846154 0.13461538461538464 0.07692307692307698
6 0.17067307692307693 0.2740384615384615 0.08653846153846154 0.08173076923076927
6 0.1502403846153846 0.08413461538461542 0.09254807692307693 0.06850961538461542
7 0.04927884615384615 0.044471153846153855 0.042067307692307696 0.04807692307692313
