6 0.7644230769230769 0.03485576923076923 0.02644230769230771 0.025240384615384612
6 0.6334134615384616 0.3473557692307692 0.014423076923076872 0.01081730769230771
6 0.7355769230769231 0.4891826923076923 0.02043269230769229 0.015625
6 0.7668269230769231 0.43028846153846156 0.02644230769230771 0.012019230769230782
6 0.7067307692307693 0.5841346153846154 0.02163461538461542 0.015625
5 0.8149038461538461 0.03725961538461538 0.06370192307692313 0.03004807692307692
5 0.6574519230769231 0.34495192307692313 0.04206730769230771 0.014423076923076927
5 0.6742788461538461 0.4963942307692307 0.03605769230769229 0.016826923076923073
5 0.6778846153846154 0.5384615384615385 0.04206730769230771 0.019230769230769273
5 0.38221153846153844 0.7512019230769231 0.03125 0.016826923076923128
5 0.390625 0.7800480769230769 0.03125 0.016826923076923128
6 0.3653846153846154 0.4747596153846154 0.014423076923076927 0.012019230769230782
6 0.358173076923077 0.7512019230769231 0.014423076923076927 0.006009615384615419
6 0.36658653846153844 0.7800480769230769 0.014423076923076927 0.01081730769230771
3 0.8473557692307693 0.038461538461538464 0.1875 0.050480769230769225
3 0.6838942307692307 0.28365384615384615 0.08413461538461542 0.030048076923076927
3 0.8112980769230769 0.4254807692307693 0.125 0.04086538461538464
3 0.6634615384615383 0.34975961538461536 0.10096153846153844 0.038461538461538436
3 0.7596153846153846 0.49038461538461536 0.08173076923076927 0.024038461538461564
3 0.7463942307692307 0.5877403846153846 0.10456730769230771 0.04086538461538458
3 0.6887019230769231 0.49879807692307687 0.08173076923076927 0.016826923076923073
3 0.6959134615384615 0.5324519230769231 0.10096153846153844 0.027644230769230727
3 0.6466346153846154 0.5805288461538463 0.09014423076923073 0.024038461538461564
3 0.6322115384615384 0.6274038461538461 0.06370192307692313 0.02644230769230771
3 0.7391826923076923 0.9435096153846154 0.11538461538461542 0.03125
3 0.3954326923076923 0.7512019230769231 0.09735576923076922 0.02524038461538458
3 0.3966346153846153 0.7824519230769231 0.07692307692307693 0.03125
3 0.40024038461538464 0.4723557692307693 0.12019230769230771 0.025240384615384637
3 0.3966346153846153 0.4987980769230769 0.06610576923076922 0.027644230769230727
