6 0.37740384615384615 0.4326923076923077 0.17067307692307693 0.16586538461538458
7 0.40024038461538464 0.7740384615384615 0.16346153846153844 0.19951923076923073
1 0.4182692307692308 0.7319711538461539 0.06730769230769229 0.08894230769230771
7 0.45072115384615385 0.643028846153846 0.13942307692307687 0.16346153846153844
1 0.4963942307692308 0.6177884615384616 0.06370192307692302 0.09375
3 0.6418269230769231 0.4110576923076923 0.7127403846153846 0.2908653846153846
3 0.6526442307692307 0.8064903846153846 0.6887019230769231 0.28125
3 0.6550480769230769 0.15264423076923078 0.6875 0.3016826923076923
3 0.6887019230769231 0.6081730769230769 0.6201923076923077 0.15985576923076916
5 0.765625 0.4254807692307693 0.44951923076923084 0.25480769230769235
5 0.7800480769230769 0.8052884615384615 0.4375 0.2716346153846153
5 0.8040865384615385 0.16706730769230768 0.36778846153846156 0.30649038461538464
5 0.8112980769230769 0.625 0.3125 0.16225961538461542
