6 0.09495192307692307 0.38221153846153844 0.05649038461538469 0.046875
6 0.19110576923076922 0.5216346153846153 0.027644230769230727 0.030048076923076872
6 0.359375 0.5685096153846154 0.03485576923076916 0.03725961538461542
6 0.5721153846153846 0.45552884615384615 0.03725961538461542 0.03605769230769229
6 0.8485576923076923 0.24639423076923073 0.027644230769230727 0.05769230769230771
6 0.9050480769230769 0.3185096153846154 0.04206730769230771 0.04086538461538458
5 0.18870192307692307 0.4627403846153846 0.058894230769230727 0.08413461538461542
5 0.34254807692307687 0.5240384615384616 0.046875 0.07331730769230771
5 0.5733173076923077 0.4098557692307692 0.06850961538461542 0.06610576923076927
3 0.09735576923076922 0.34495192307692313 0.08413461538461531 0.125
3 0.03485576923076922 0.16346153846153844 0.06370192307692302 0.1514423076923077
3 0.5817307692307694 0.38942307692307687 0.08173076923076927 0.17788461538461542
3 0.8413461538461539 0.2007211538461538 0.04567307692307687 0.14903846153846156
3 0.9098557692307693 0.2752403846153846 0.05649038461538458 0.12860576923076916
3 0.19350961538461542 0.46995192307692313 0.078125 0.11899038461538458
3 0.2391826923076923 0.5420673076923077 0.05649038461538458 0.08774038461538458
3 0.344951923076923 0.4951923076923077 0.07331730769230771 0.19711538461538458
3 0.07451923076923078 0.5132211538461539 0.06850961538461531 0.14182692307692313
3 0.2608173076923077 0.6057692307692307 0.05649038461538458 0.08894230769230771
5 0.08052884615384615 0.5204326923076923 0.04567307692307687 0.06610576923076916
