6 0.8377403846153846 0.47596153846153844 0.17788461538461542 0.09375
3 0.7884615384615384 0.7956730769230769 0.39182692307692313 0.05769230769230771
5 0.7728365384615384 0.7536057692307692 0.2235576923076923 0.058894230769230727
1 0.7692307692307692 0.48197115384615385 0.046875 0.05168269230769229
5 0.7620192307692307 0.7932692307692308 0.2860576923076923 0.055288461538461564
3 0.7439903846153846 0.7560096153846154 0.4783653846153847 0.06730769230769229
6 0.48557692307692313 0.38100961538461536 0.05288461538461542 0.021634615384615308
3 0.46995192307692313 0.49399038461538464 0.90625 0.18389423076923073
5 0.4002403846153846 0.4963942307692307 0.6081730769230769 0.1670673076923077
3 0.3810096153846154 0.39423076923076916 0.2884615384615383 0.05288461538461542
5 0.3245192307692308 0.3942307692307693 0.19471153846153844 0.03605769230769229
