6 0.3557692307692307 0.17067307692307693 0.19831730769230765 0.16586538461538458
6 0.32572115384615385 0.05889423076923077 0.08653846153846151 0.09735576923076925
5 0.4338942307692308 0.671875 0.09375 0.058894230769230727
5 0.47716346153846156 0.7487980769230769 0.13942307692307687 0.09014423076923073
5 0.6189903846153846 0.8966346153846154 0.4158653846153846 0.18028846153846156
3 0.6322115384615384 0.140625 0.7235576923076923 0.2463942307692308
3 0.467548076923077 0.39903846153846156 0.34495192307692313 0.09254807692307693
3 0.6081730769230769 0.8545673076923077 0.7752403846153846 0.24399038461538458
3 0.5408653846153846 0.7548076923076923 0.30889423076923084 0.14663461538461542
3 0.46153846153846156 0.6814903846153846 0.2548076923076923 0.07331730769230771
7 0.36778846153846156 0.6754807692307692 0.03725961538461536 0.027644230769230727
