0 0.9170673076923077 0.2932692307692307 0.10576923076923084 0.05769230769230771
0 0.6706730769230769 0.24158653846153844 0.07451923076923084 0.04567307692307687
0 0.5372596153846154 0.32451923076923067 0.07451923076923073 0.050480769230769273
0 0.20192307692307682 0.45552884615384615 0.06610576923076927 0.04206730769230771
0 0.030048076923076872 0.40264423076923067 0.03605769230769229 0.055288461538461564
5 0.6887019230769231 0.13461538461538458 0.15504807692307698 0.1454326923076923
3 0.9110576923076923 0.16826923076923067 0.15264423076923084 0.3221153846153847
3 0.6887019230769231 0.1454326923076923 0.21995192307692302 0.234375
3 0.5456730769230769 0.18629807692307687 0.1935096153846153 0.3533653846153846
3 0.1947115384615385 0.30528846153846156 0.19471153846153844 0.3329326923076923
3 0.06610576923076927 0.28004807692307687 0.10817307692307687 0.31610576923076916
