3 0.12860576923076922 0.5745192307692307 0.23798076923076922 0.7427884615384615
3 0.31971153846153844 0.5240384615384616 0.2259615384615385 0.8425480769230769
3 0.483173076923077 0.5877403846153846 0.17668269230769235 0.7848557692307692
3 0.6887019230769231 0.5504807692307693 0.21514423076923084 0.796875
3 0.8016826923076923 0.7139423076923077 0.3185096153846154 0.5528846153846154
5 0.12620192307692307 0.6081730769230769 0.2295673076923077 0.4783653846153846
5 0.31009615384615385 0.5372596153846154 0.2259615384615385 0.4759615384615384
5 0.5060096153846154 0.5685096153846154 0.1766826923076923 0.4302884615384616
5 0.6862980769230769 0.5721153846153846 0.21153846153846156 0.48076923076923084
5 0.8389423076923077 0.8425480769230769 0.21875 0.2908653846153846
4 0.1658653846153846 0.2932692307692308 0.15024038461538464 0.171875
4 0.7319711538461539 0.23317307692307693 0.11418269230769229 0.14903846153846156
4 0.7596153846153846 0.5432692307692307 0.15745192307692302 0.18149038461538458
