6 0.78125 0.5060096153846154 0.05288461538461542 0.04807692307692302
6 0.6382211538461539 0.4963942307692308 0.04567307692307687 0.050480769230769273
6 0.6262019230769231 0.5300480769230769 0.03485576923076916 0.04326923076923084
6 0.548076923076923 0.5252403846153846 0.04206730769230771 0.04567307692307698
6 0.49879807692307687 0.5432692307692308 0.04206730769230771 0.04086538461538469
6 0.4182692307692307 0.5264423076923077 0.03605769230769229 0.04086538461538458
6 0.29447115384615385 0.5841346153846154 0.06730769230769229 0.07692307692307698
5 0.7884615384615384 0.38221153846153844 0.08894230769230771 0.16586538461538458
5 0.6346153846153847 0.3870192307692307 0.08293269230769229 0.15625
5 0.5420673076923077 0.40504807692307687 0.078125 0.171875
5 0.49879807692307687 0.4362980769230769 0.05288461538461542 0.14182692307692302
5 0.42307692307692313 0.4519230769230768 0.046875 0.10096153846153844
5 0.3786057692307693 0.4122596153846154 0.07211538461538458 0.15985576923076916
5 0.2848557692307693 0.43629807692307687 0.10817307692307687 0.21875
5 0.6045673076923077 0.4326923076923077 0.03485576923076916 0.125
3 0.7776442307692308 0.3245192307692308 0.140625 0.4338942307692307
3 0.6370192307692307 0.34134615384615385 0.09855769230769229 0.35817307692307687
3 0.6153846153846154 0.42427884615384615 0.07211538461538469 0.24879807692307687
3 0.5408653846153846 0.3485576923076923 0.0829326923076924 0.40625
3 0.4927884615384615 0.3942307692307693 0.07451923076923073 0.36057692307692313
3 0.4230769230769232 0.42067307692307687 0.06971153846153844 0.26923076923076916
3 0.37620192307692313 0.35697115384615385 0.07331730769230771 0.3485576923076923
3 0.2860576923076923 0.3497596153846154 0.109375 0.5576923076923077
