5 0.27884615384615385 0.16466346153846156 0.2295673076923077 0.08894230769230771
7 0.3125 0.4266826923076923 0.09975961538461542 0.0625
5 0.32211538461538464 0.9278846153846154 0.25 0.09735576923076916
3 0.34375 0.171875 0.5817307692307692 0.12860576923076916
3 0.3689903846153846 0.9110576923076923 0.5685096153846154 0.14423076923076916
0 0.3786057692307693 0.6502403846153846 0.10336538461538464 0.0625
5 0.41466346153846156 0.5348557692307692 0.2391826923076923 0.0985576923076924
3 0.4182692307692308 0.41947115384615385 0.329326923076923 0.12379807692307687
5 0.44711538461538464 0.4338942307692307 0.15264423076923073 0.07211538461538458
3 0.4483173076923077 0.5348557692307693 0.3533653846153846 0.10817307692307687
3 0.4495192307692307 0.609375 0.26442307692307687 0.05889423076923084
5 0.4879807692307693 0.6153846153846154 0.15745192307692313 0.0625
5 0.5564903846153846 0.6899038461538461 0.30048076923076916 0.08293269230769229
3 0.6394230769230769 0.6826923076923077 0.6466346153846154 0.11538461538461542
7 0.14543269230769232 0.9350961538461539 0.078125 0.07331730769230771
