6 0.24278846153846154 0.6971153846153846 0.07932692307692307 0.08293269230769229
6 0.25 0.04326923076923077 0.078125 0.07932692307692307
6 0.27403846153846156 0.2956730769230769 0.07451923076923075 0.08653846153846156
6 0.2776442307692308 0.4963942307692308 0.07451923076923075 0.07451923076923073
5 0.3449519230769231 0.9230769230769231 0.3245192307692307 0.15024038461538458
5 0.44591346153846156 0.5096153846153846 0.24879807692307687 0.15024038461538458
5 0.4519230769230769 0.3076923076923077 0.2776442307692307 0.15625
5 0.4543269230769231 0.6995192307692308 0.266826923076923 0.14423076923076927
3 0.5048076923076923 0.9026442307692307 0.8341346153846154 0.1826923076923077
3 0.5396634615384616 0.5144230769230769 0.6045673076923077 0.16586538461538458
3 0.5432692307692307 0.6971153846153846 0.6875 0.16346153846153844
3 0.5456730769230769 0.3088942307692308 0.6706730769230769 0.18028846153846156
3 0.5480769230769231 0.08293269230769232 0.6766826923076923 0.15264423076923078
6 0.13341346153846154 0.8918269230769231 0.10096153846153848 0.09975961538461542
