5 0.5769230769230769 0.7331730769230769 0.15024038461538458 0.3185096153846154
5 0.14663461538461542 0.21514423076923078 0.05649038461538458 0.09254807692307696
5 0.22596153846153844 0.1778846153846154 0.02163461538461542 0.04326923076923078
3 0.8245192307692308 0.6153846153846154 0.14903846153846156 0.21754807692307698
3 0.5997596153846153 0.7115384615384616 0.21995192307692313 0.5408653846153846
3 0.14903846153846162 0.25 0.058894230769230727 0.234375
3 0.12019230769230771 0.20192307692307693 0.02163461538461542 0.12379807692307696
3 0.22596153846153838 0.19591346153846154 0.034855769230769273 0.13942307692307693
6 0.623798076923077 0.5036057692307693 0.08894230769230771 0.12620192307692313
6 0.8653846153846154 0.6526442307692308 0.09014423076923084 0.12860576923076927
6 0.14423076923076927 0.15504807692307693 0.030048076923076872 0.04086538461538461
6 0.22596153846153838 0.14182692307692307 0.024038461538461564 0.04086538461538462
6 0.12379807692307687 0.15384615384615385 0.02043269230769229 0.030048076923076927
