3 0.8305288461538461 0.7355769230769231 0.04807692307692313 0.18629807692307698
3 0.8762019230769231 0.6754807692307694 0.055288461538461564 0.08653846153846156
3 0.5144230769230769 0.4591346153846153 0.06370192307692302 0.18629807692307687
3 0.39182692307692313 0.41466346153846156 0.046875 0.1514423076923077
3 0.07451923076923073 0.4831730769230769 0.05649038461538458 0.15264423076923073
3 0.056490384615384526 0.4338942307692308 0.034855769230769273 0.10096153846153844
5 0.5228365384615384 0.43629807692307687 0.03846153846153855 0.07692307692307693
5 0.3942307692307693 0.39783653846153844 0.03605769230769229 0.06971153846153849
4 0.8762019230769231 0.6550480769230769 0.025240384615384692 0.03725961538461542
7 0.8377403846153846 0.6610576923076923 0.027644230769230838 0.03125
7 0.5168269230769231 0.389423076923077 0.024038461538461564 0.030048076923076927
7 0.3822115384615384 0.3557692307692307 0.024038461538461564 0.03485576923076922
7 0.07451923076923067 0.423076923076923 0.019230769230769273 0.03485576923076922
7 0.051682692307692235 0.40024038461538464 0.019230769230769273 0.024038461538461564
