4 0.7019230769230769 0.42187500000000006 0.12139423076923073 0.12139423076923073
7 0.6935096153846154 0.5564903846153846 0.13942307692307698 0.10336538461538458
6 0.6911057692307692 0.7391826923076923 0.14182692307692302 0.125
1 0.6346153846153846 0.43629807692307687 0.03725961538461531 0.05288461538461542
1 0.6262019230769231 0.5576923076923077 0.025240384615384692 0.06850961538461542
1 0.6201923076923077 0.7223557692307693 0.03125 0.05769230769230771
5 0.41346153846153844 0.7608173076923077 0.37620192307692313 0.20673076923076916
3 0.3942307692307693 0.5564903846153846 0.765625 0.21153846153846156
3 0.38942307692307687 0.3966346153846154 0.7512019230769231 0.21875
3 0.3858173076923077 0.7608173076923077 0.7692307692307692 0.21274038461538458
5 0.3786057692307693 0.5432692307692308 0.40745192307692313 0.1971153846153847
5 0.3653846153846154 0.3629807692307693 0.4435096153846154 0.1670673076923077
