6 0.0673076923076923 0.38221153846153844 0.0625 0.09014423076923078
6 0.12620192307692307 0.4423076923076923 0.06610576923076925 0.11298076923076922
6 0.17548076923076922 0.35697115384615385 0.0625 0.10817307692307693
6 0.21754807692307693 0.4567307692307692 0.055288461538461536 0.09735576923076927
6 0.6322115384615384 0.405048076923077 0.05288461538461542 0.09495192307692307
0 0.23918269230769232 0.30649038461538464 0.05649038461538464 0.09855769230769229
0 0.28365384615384615 0.375 0.04807692307692307 0.109375
0 0.328125 0.438701923076923 0.05889423076923078 0.09735576923076922
0 0.3485576923076923 0.28365384615384615 0.05048076923076922 0.11418269230769229
0 0.38221153846153844 0.36538461538461536 0.04807692307692307 0.125
0 0.4278846153846154 0.3016826923076923 0.04567307692307693 0.08173076923076922
0 0.4326923076923077 0.4495192307692307 0.0625 0.10456730769230765
0 0.47596153846153844 0.34254807692307687 0.05288461538461542 0.10817307692307693
0 0.5228365384615384 0.4567307692307692 0.05168269230769229 0.10817307692307698
0 0.560096153846154 0.3533653846153846 0.055288461538461564 0.10817307692307693
0 0.5853365384615384 0.3004807692307693 0.04206730769230771 0.08774038461538464
5 0.06129807692307691 0.6550480769230769 0.09975961538461539 0.34014423076923084
5 0.11778846153846154 0.7163461538461537 0.10576923076923078 0.38221153846153844
5 0.21995192307692304 0.7355769230769231 0.09975961538461536 0.3485576923076923
5 0.2776442307692308 0.6490384615384617 0.07331730769230771 0.3377403846153847
5 0.32572115384615385 0.7019230769230769 0.09254807692307693 0.33173076923076916
5 0.3846153846153847 0.5877403846153846 0.07211538461538464 0.26923076923076916
5 0.43028846153846156 0.7091346153846154 0.09495192307692307 0.3389423076923077
5 0.5252403846153846 0.7055288461538461 0.10576923076923078 0.35817307692307687
5 0.6262019230769231 0.6778846153846154 0.10096153846153844 0.3677884615384616
5 0.5745192307692307 0.5240384615384616 0.05168269230769229 0.10096153846153849
3 0.055288461538461536 0.6574519230769231 0.09495192307692307 0.6802884615384617
3 0.11899038461538461 0.6875 0.109375 0.609375
3 0.17548076923076922 0.4302884615384616 0.06971153846153846 0.2752403846153847
3 0.2223557692307692 0.6923076923076923 0.09975961538461536 0.578125
3 0.24278846153846154 0.37259615384615385 0.05048076923076922 0.21754807692307693
3 0.2776442307692308 0.5853365384615384 0.078125 0.5300480769230769
3 0.3233173076923077 0.6971153846153846 0.11298076923076922 0.5889423076923077
3 0.38100961538461536 0.4807692307692307 0.05769230769230771 0.32692307692307687
3 0.3389423076923077 0.3377403846153847 0.06610576923076922 0.22355769230769235
3 0.4326923076923077 0.703125 0.10576923076923078 0.5721153846153846
3 0.4278846153846154 0.34975961538461536 0.06370192307692307 0.171875
3 0.47716346153846156 0.4387019230769231 0.07331730769230771 0.3064903846153847
3 0.5300480769230769 0.6935096153846154 0.11899038461538458 0.5997596153846154
3 0.5612980769230769 0.46153846153846156 0.06370192307692302 0.3233173076923077
3 0.5865384615384617 0.3822115384615385 0.050480769230769273 0.23798076923076927
3 0.6322115384615384 0.6658653846153846 0.125 0.640625
