7 0.49158653846153844 0.4230769230769231 0.04567307692307687 0.07331730769230771
7 0.498798076923077 0.19110576923076922 0.06129807692307693 0.06971153846153846
7 0.5901442307692308 0.78125 0.050480769230769273 0.06610576923076927
5 0.5925480769230769 0.28966346153846156 0.17067307692307698 0.1237980769230769
5 0.6057692307692307 0.13822115384615385 0.15745192307692313 0.1514423076923077
5 0.6081730769230769 0.43990384615384615 0.13461538461538458 0.10456730769230771
3 0.6514423076923077 0.29086538461538464 0.4278846153846154 0.15985576923076925
3 0.6706730769230769 0.43990384615384615 0.4122596153846154 0.15504807692307687
3 0.6790865384615384 0.14903846153846154 0.4266826923076923 0.16706730769230765
5 0.6959134615384616 0.75 0.12620192307692313 0.15264423076923084
3 0.7283653846153846 0.7295673076923077 0.360576923076923 0.24399038461538458
