2 0.875 0.7127403846153846 0.078125 0.11899038461538458
2 0.19471153846153838 0.65625 0.050480769230769273 0.08413461538461542
2 0.3798076923076923 0.6526442307692308 0.05649038461538458 0.08653846153846156
2 0.3389423076923077 0.6442307692307693 0.03725961538461542 0.07692307692307687
2 0.6778846153846154 0.641826923076923 0.055288461538461564 0.08293269230769229
2 0.27043269230769235 0.640625 0.058894230769230727 0.09735576923076916
2 0.5877403846153846 0.6370192307692307 0.04326923076923084 0.07331730769230771
2 0.48557692307692313 0.6322115384615383 0.05889423076923084 0.09014423076923073
2 0.96875 0.6286057692307692 0.05048076923076916 0.08173076923076927
2 0.8161057692307692 0.6262019230769231 0.07211538461538458 0.09254807692307698
3 0.5949519230769231 0.4951923076923077 0.09254807692307698 0.34735576923076916
3 0.1766826923076923 0.4807692307692308 0.125 0.4651442307692307
3 0.6730769230769231 0.4471153846153846 0.140625 0.4639423076923077
3 0.3713942307692307 0.43629807692307687 0.14663461538461542 0.515625
3 0.7992788461538461 0.42908653846153844 0.12379807692307687 0.49879807692307687
3 0.2608173076923077 0.4170673076923077 0.14423076923076916 0.5528846153846154
3 0.49158653846153844 0.40745192307692313 0.1514423076923077 0.5408653846153846
3 0.8653846153846154 0.40504807692307687 0.17067307692307698 0.7427884615384617
