6 0.7920673076923077 0.7487980769230769 0.12139423076923084 0.08894230769230771
6 0.5841346153846154 0.5949519230769231 0.038461538461538436 0.02524038461538458
6 0.6189903846153847 0.3822115384615385 0.04206730769230771 0.043269230769230727
6 0.5865384615384616 0.4158653846153846 0.030048076923076872 0.02163461538461542
6 0.6189903846153846 0.6105769230769231 0.030048076923076983 0.014423076923076872
5 0.5564903846153846 0.3545673076923077 0.1141826923076924 0.05048076923076916
5 0.5432692307692308 0.3954326923076923 0.09014423076923073 0.04086538461538458
5 0.5456730769230769 0.6201923076923077 0.07211538461538458 0.050480769230769273
5 0.6346153846153847 0.8401442307692307 0.3329326923076923 0.25120192307692313
3 0.5060096153846154 0.36538461538461536 0.280048076923077 0.06850961538461531
3 0.5072115384615384 0.4026442307692307 0.203125 0.05769230769230771
3 0.5024038461538461 0.6153846153846154 0.20192307692307687 0.06370192307692302
3 0.49278846153846156 0.8473557692307692 0.7235576923076923 0.2932692307692307
1 0.7427884615384616 0.7439903846153846 0.04206730769230771 0.04807692307692313
