7 0.4783653846153847 0.36778846153846156 0.04086538461538464 0.05288461538461536
7 0.5504807692307694 0.4050480769230769 0.034855769230769273 0.06971153846153844
7 0.5997596153846154 0.4158653846153846 0.03245192307692313 0.05288461538461536
7 0.6658653846153846 0.3641826923076923 0.02644230769230771 0.05288461538461536
6 0.3641826923076923 0.389423076923077 0.03485576923076922 0.06129807692307693
6 0.8425480769230769 0.3473557692307693 0.04086538461538458 0.06129807692307693
0 0.4170673076923077 0.37259615384615385 0.03485576923076922 0.04206730769230771
0 0.7163461538461539 0.329326923076923 0.05168269230769229 0.06610576923076922
5 0.36538461538461536 0.5420673076923077 0.055288461538461564 0.19951923076923084
5 0.4170673076923077 0.5024038461538461 0.0625 0.1670673076923077
5 0.4807692307692307 0.5108173076923077 0.057692307692307654 0.19951923076923084
5 0.5456730769230769 0.5504807692307693 0.05769230769230771 0.2295673076923077
5 0.606971153846154 0.5528846153846154 0.055288461538461564 0.203125
5 0.6694711538461539 0.5120192307692306 0.05168269230769229 0.18389423076923073
5 0.7259615384615384 0.5432692307692307 0.09254807692307687 0.2860576923076923
5 0.8521634615384616 0.5120192307692307 0.07932692307692313 0.22836538461538458
3 0.37259615384615385 0.5901442307692307 0.08653846153846151 0.46995192307692313
3 0.4182692307692307 0.5637019230769231 0.06610576923076922 0.4158653846153846
3 0.485576923076923 0.5276442307692306 0.06850961538461536 0.3870192307692307
3 0.5480769230769231 0.5997596153846154 0.06370192307692302 0.44951923076923084
3 0.6057692307692307 0.6033653846153846 0.05649038461538458 0.4134615384615384
3 0.671875 0.5793269230769231 0.05288461538461542 0.469951923076923
3 0.7175480769230769 0.6514423076923077 0.09855769230769229 0.6935096153846154
3 0.8497596153846154 0.6177884615384616 0.08894230769230771 0.609375
