2 0.7512019230769231 0.7067307692307692 0.08894230769230771 0.1766826923076924
2 0.4939903846153846 0.6887019230769231 0.08413461538461536 0.1670673076923076
2 0.32692307692307687 0.6802884615384616 0.03725961538461536 0.08293269230769229
2 0.3689903846153846 0.6790865384615384 0.03725961538461536 0.07331730769230771
2 0.13341346153846154 0.6754807692307692 0.04567307692307693 0.07932692307692302
2 0.06370192307692307 0.6754807692307692 0.07932692307692307 0.1466346153846153
2 0.2247596153846154 0.6742788461538461 0.03125 0.06971153846153855
2 0.6225961538461539 0.6658653846153846 0.03605769230769229 0.06971153846153844
2 0.5745192307692308 0.6598557692307693 0.055288461538461564 0.12379807692307687
2 0.27403846153846156 0.6526442307692308 0.08293269230769229 0.15504807692307698
3 0.14903846153846154 0.5120192307692307 0.10096153846153848 0.37620192307692313
3 0.7560096153846154 0.3942307692307693 0.23798076923076916 0.7644230769230769
3 0.08413461538461539 0.38822115384615385 0.14182692307692307 0.7355769230769231
3 0.49278846153846156 0.3858173076923077 0.19350961538461542 0.75
3 0.2776442307692308 0.3629807692307693 0.17067307692307696 0.703125
