1 0.6658653846153846 0.625 0.07932692307692302 0.07211538461538458
1 0.7367788461538461 0.49399038461538464 0.06971153846153855 0.07451923076923073
5 0.2920673076923077 0.3401442307692307 0.5625 0.2139423076923077
5 0.4098557692307693 0.5060096153846154 0.5360576923076923 0.13701923076923084
5 0.28966346153846156 0.6466346153846154 0.5697115384615385 0.2139423076923077
5 0.31971153846153844 0.8557692307692307 0.6105769230769231 0.2548076923076923
3 0.3954326923076923 0.3401442307692308 0.7463942307692308 0.23557692307692302
3 0.43629807692307687 0.4963942307692308 0.8701923076923077 0.1610576923076924
3 0.3966346153846154 0.6466346153846154 0.7908653846153846 0.2139423076923077
3 0.46995192307692313 0.828125 0.8918269230769231 0.2908653846153846
2 0.6814903846153846 0.39302884615384615 0.1923076923076924 0.11778846153846145
2 0.7824519230769231 0.4807692307692307 0.1658653846153847 0.10817307692307687
2 0.6911057692307693 0.6394230769230769 0.1826923076923077 0.11538461538461542
2 0.7776442307692308 0.7716346153846154 0.25 0.14423076923076916
