7 0.22596153846153844 0.12860576923076922 0.10456730769230768 0.16225961538461542
7 0.8161057692307693 0.15504807692307693 0.08894230769230771 0.171875
5 0.17307692307692307 0.37620192307692313 0.14903846153846156 0.39062500000000006
5 0.34134615384615385 0.46514423076923084 0.12620192307692307 0.3497596153846154
5 0.7223557692307693 0.3641826923076923 0.18870192307692313 0.390625
5 0.9194711538461539 0.6286057692307693 0.15745192307692313 0.2235576923076923
5 0.6141826923076923 0.45552884615384615 0.058894230769230727 0.2884615384615385
3 0.1658653846153846 0.5204326923076923 0.21274038461538464 0.9314903846153846
3 0.3497596153846154 0.5685096153846154 0.15745192307692307 0.8329326923076923
3 0.7355769230769231 0.5348557692307693 0.251201923076923 0.9122596153846154
3 0.9074519230769231 0.7487980769230769 0.17307692307692302 0.498798076923077
