3 0.7379807692307693 0.4939903846153846 0.46754807692307687 0.9747596153846154
3 0.1622596153846154 0.5685096153846154 0.3112980769230769 0.8052884615384617
3 0.298076923076923 0.46995192307692313 0.24519230769230765 0.6310096153846154
3 0.44471153846153844 0.35216346153846156 0.1490384615384615 0.2451923076923077
3 0.5793269230769231 0.3341346153846153 0.1514423076923077 0.22956730769230765
3 0.9242788461538463 0.41225961538461536 0.14903846153846156 0.4158653846153847
2 0.7463942307692307 0.15865384615384615 0.203125 0.3076923076923077
2 0.10096153846153846 0.27403846153846156 0.1634615384615385 0.234375
2 0.2620192307692308 0.234375 0.12139423076923075 0.16225961538461542
2 0.44471153846153844 0.3088942307692308 0.09735576923076922 0.140625
2 0.5865384615384616 0.3173076923076923 0.1298076923076923 0.17788461538461542
2 0.9399038461538461 0.28966346153846156 0.09855769230769229 0.1514423076923077
