5 0.29927884615384615 0.5432692307692307 0.05769230769230771 0.03605769230769229
5 0.31370192307692313 0.7019230769230769 0.05649038461538464 0.02524038461538458
3 0.3173076923076923 0.5432692307692308 0.15024038461538458 0.05048076923076916
3 0.34375 0.6802884615384616 0.16826923076923078 0.06129807692307687
5 0.37860576923076916 0.39302884615384615 0.21754807692307693 0.11418269230769229
5 0.38221153846153844 0.2848557692307693 0.2427884615384615 0.11538461538461542
5 0.40504807692307687 0.21514423076923073 0.28485576923076916 0.14182692307692313
3 0.47596153846153844 0.29927884615384615 0.6394230769230769 0.12019230769230771
3 0.48076923076923084 0.3954326923076923 0.59375 0.15625
3 0.4951923076923077 0.9242788461538461 0.12139423076923078 0.05528846153846145
3 0.5228365384615384 0.19951923076923073 0.7391826923076923 0.1875
3 0.5745192307692307 0.9615384615384616 0.20192307692307687 0.07211538461538458
5 0.5793269230769231 0.9591346153846154 0.12019230769230771 0.07692307692307698
