2 0.23557692307692307 0.02163461538461542 0.2560096153846153 0.04086538461538458
2 0.2764423076923077 0.20913461538461542 0.19350961538461542 0.109375
2 0.30528846153846156 0.13100961538461542 0.10817307692307693 0.05769230769230771
2 0.3401442307692308 0.38461538461538464 0.09855769230769229 0.058894230769230727
2 0.38221153846153844 0.5240384615384615 0.08293269230769229 0.043269230769230727
2 0.3966346153846153 0.6081730769230769 0.13100961538461536 0.07211538461538458
2 0.407451923076923 0.6935096153846154 0.08173076923076922 0.046875
2 0.4326923076923077 0.8221153846153846 0.09014423076923078 0.046875
2 0.4326923076923077 0.9182692307692308 0.09014423076923078 0.05288461538461531
3 0.5685096153846154 0.36057692307692313 0.5576923076923077 0.1670673076923077
3 0.5733173076923077 0.5072115384615383 0.48076923076923084 0.12139423076923073
3 0.5853365384615384 0.15745192307692313 0.7956730769230769 0.30048076923076916
3 0.5925480769230769 0.8052884615384616 0.43389423076923084 0.13221153846153855
3 0.5997596153846154 0.6899038461538461 0.46514423076923084 0.11057692307692313
3 0.6418269230769231 0.9098557692307692 0.5108173076923077 0.1346153846153847
3 0.6598557692307693 0.5889423076923077 0.6514423076923077 0.15985576923076916
