5 0.20192307692307693 0.42788461538461536 0.15264423076923075 0.266826923076923
5 0.4639423076923077 0.4266826923076923 0.12860576923076916 0.24038461538461542
5 0.625 0.3942307692307692 0.12860576923076916 0.21754807692307698
5 0.7247596153846154 0.3533653846153846 0.12019230769230771 0.22956730769230765
5 0.3798076923076923 0.45192307692307687 0.06610576923076922 0.21394230769230765
6 0.6033653846153846 0.23798076923076922 0.0625 0.06971153846153844
6 0.7223557692307693 0.17788461538461542 0.05649038461538458 0.08293269230769232
6 0.2115384615384615 0.21995192307692307 0.07211538461538461 0.07692307692307696
7 0.38822115384615385 0.27524038461538464 0.06129807692307693 0.06370192307692304
7 0.46033653846153844 0.25961538461538464 0.06129807692307693 0.08173076923076925
3 0.2091346153846154 0.546875 0.20432692307692307 0.7596153846153846
3 0.376201923076923 0.5336538461538461 0.09975961538461536 0.5925480769230769
3 0.47235576923076916 0.5540865384615384 0.16706730769230765 0.6887019230769231
3 0.6153846153846154 0.4879807692307692 0.15985576923076916 0.5973557692307693
3 0.7355769230769231 0.4423076923076923 0.14903846153846156 0.6153846153846154
