6 0.859375 0.27283653846153844 0.11538461538461542 0.1081730769230769
6 0.265625 0.29927884615384615 0.08413461538461542 0.08653846153846151
4 0.7716346153846154 0.30288461538461536 0.07451923076923073 0.07331730769230771
4 0.09975961538461539 0.31610576923076916 0.10456730769230771 0.11298076923076922
6 0.6634615384615385 0.328125 0.08653846153846156 0.09975961538461542
3 0.7668269230769231 0.5600961538461539 0.09855769230769229 0.6045673076923077
3 0.27283653846153844 0.5901442307692307 0.1670673076923077 0.7079326923076923
3 0.8870192307692307 0.5949519230769231 0.203125 0.7512019230769231
3 0.6502403846153846 0.6225961538461539 0.17307692307692302 0.7199519230769231
3 0.11298076923076922 0.6262019230769231 0.171875 0.7451923076923077
