0 0.296875 0.9302884615384615 0.08413461538461542 0.08653846153846156
0 0.2764423076923077 0.7019230769230769 0.08774038461538458 0.06850961538461531
6 0.203125 0.6310096153846153 0.10336538461538458 0.09495192307692313
6 0.23317307692307693 0.45072115384615385 0.09375 0.08894230769230771
6 0.19110576923076922 0.13100961538461536 0.109375 0.08173076923076927
3 0.6225961538461539 0.9399038461538461 0.7427884615384615 0.11418269230769229
3 0.6021634615384616 0.7295673076923077 0.7644230769230769 0.11298076923076916
3 0.5757211538461539 0.6394230769230769 0.8293269230769231 0.12620192307692302
3 0.5817307692307693 0.41466346153846156 0.8233173076923077 0.21995192307692313
3 0.5757211538461539 0.22115384615384615 0.7980769230769231 0.17067307692307687
3 0.5637019230769231 0.10817307692307687 0.8485576923076923 0.1610576923076923
3 0.5456730769230769 0.8545673076923077 0.18870192307692302 0.05649038461538458
3 0.5528846153846154 0.037259615384615474 0.484375 0.06971153846153844
