7 0.7415865384615384 0.7211538461538461 0.11778846153846145 0.12019230769230771
3 0.71875 0.6105769230769231 0.34014423076923084 0.14423076923076916
6 0.7091346153846153 0.24399038461538458 0.11418269230769229 0.10456730769230771
6 0.6947115384615384 0.4435096153846154 0.11418269230769229 0.109375
5 0.6935096153846154 0.6021634615384616 0.1658653846153847 0.10817307692307687
3 0.6814903846153846 0.515625 0.298076923076923 0.12139423076923084
5 0.6646634615384616 0.5264423076923077 0.1514423076923077 0.07211538461538458
3 0.6418269230769231 0.2716346153846154 0.264423076923077 0.15024038461538458
7 0.6262019230769231 0.1826923076923077 0.10817307692307698 0.13701923076923084
3 0.625 0.7067307692307692 0.3377403846153846 0.1778846153846153
6 0.5865384615384617 0.7752403846153846 0.13701923076923073 0.16346153846153844
3 0.5793269230769231 0.4158653846153845 0.3401442307692307 0.17067307692307698
3 0.5108173076923077 0.1850961538461539 0.3533653846153846 0.16346153846153844
5 0.4807692307692307 0.16947115384615385 0.1923076923076923 0.1358173076923077
5 0.43509615384615385 0.8305288461538461 0.21754807692307687 0.17067307692307687
3 0.42307692307692313 0.796875 0.46514423076923084 0.23798076923076916
6 0.8112980769230769 0.6153846153846153 0.13221153846153844 0.09495192307692313
0 0.7776442307692308 0.5120192307692308 0.109375 0.078125
