3 0.26442307692307687 0.32211538461538464 0.49639423076923084 0.16346153846153844
3 0.2596153846153846 0.20913461538461536 0.5012019230769231 0.1298076923076924
3 0.3473557692307693 0.06129807692307693 0.2079326923076923 0.07932692307692302
3 0.40504807692307687 0.2776442307692307 0.11538461538461542 0.05168269230769229
3 0.25360576923076933 0.3894230769230769 0.4651442307692307 0.08774038461538469
3 0.24759615384615385 0.4519230769230769 0.4579326923076923 0.10336538461538469
3 0.24278846153846156 0.5432692307692308 0.45432692307692313 0.08173076923076927
3 0.25721153846153844 0.6358173076923077 0.48557692307692313 0.12139423076923073
3 0.2512019230769232 0.7427884615384616 0.469951923076923 0.10817307692307687
3 0.23197115384615385 0.8185096153846154 0.43870192307692313 0.06129807692307687
3 0.2391826923076923 0.9206730769230769 0.46875 0.109375
6 0.4206730769230769 0.05048076923076922 0.06370192307692302 0.04567307692307698
6 0.4639423076923077 0.19951923076923078 0.078125 0.06850961538461531
6 0.4375 0.2848557692307693 0.05649038461538458 0.03605769230769229
6 0.4651442307692307 0.32091346153846156 0.09855769230769229 0.07331730769230771
6 0.45192307692307687 0.375 0.06730769230769229 0.04326923076923084
6 0.4483173076923077 0.4411057692307692 0.046875 0.04807692307692302
6 0.43870192307692313 0.5588942307692307 0.04567307692307687 0.05168269230769229
6 0.45552884615384615 0.6201923076923077 0.09254807692307687 0.08413461538461542
6 0.4591346153846154 0.7487980769230769 0.05288461538461542 0.055288461538461564
6 0.42067307692307687 0.8149038461538461 0.05288461538461542 0.04807692307692313
6 0.4387019230769232 0.9290865384615384 0.058894230769230727 0.06129807692307687
5 0.32572115384615385 0.055288461538461564 0.13942307692307687 0.06730769230769229
5 0.25120192307692313 0.20432692307692307 0.265625 0.12620192307692302
5 0.22115384615384615 0.31971153846153844 0.28004807692307687 0.13221153846153855
5 0.29807692307692313 0.3870192307692307 0.1875 0.06730769230769229
5 0.30889423076923067 0.4411057692307693 0.18028846153846156 0.08293269230769229
5 0.29567307692307687 0.5492788461538461 0.16826923076923084 0.06730769230769229
5 0.23798076923076927 0.6370192307692306 0.265625 0.10096153846153844
5 0.30528846153846156 0.7536057692307693 0.21875 0.08894230769230771
5 0.2692307692307693 0.8269230769230769 0.1983173076923077 0.0625
5 0.2872596153846154 0.9278846153846154 0.1826923076923077 0.09855769230769229
