5 0.765625 0.6971153846153846 0.13461538461538458 0.282451923076923
5 0.6394230769230769 0.7019230769230769 0.11538461538461531 0.2608173076923077
5 0.5552884615384616 0.6201923076923077 0.09495192307692313 0.20673076923076916
5 0.41706730769230765 0.6923076923076923 0.09735576923076927 0.24399038461538458
5 0.46153846153846156 0.6598557692307694 0.078125 0.20673076923076927
5 0.3461538461538462 0.6129807692307693 0.06971153846153844 0.15625
5 0.6862980769230769 0.5697115384615384 0.04086538461538458 0.04567307692307687
6 0.7512019230769231 0.4735576923076923 0.10096153846153844 0.08774038461538458
6 0.6430288461538461 0.5096153846153846 0.06129807692307687 0.07932692307692302
6 0.6766826923076923 0.49158653846153844 0.046875 0.06730769230769229
6 0.5492788461538461 0.454326923076923 0.06129807692307687 0.06610576923076922
6 0.4603365384615384 0.5060096153846154 0.055288461538461564 0.05528846153846151
6 0.4050480769230769 0.5204326923076923 0.07451923076923073 0.08413461538461542
6 0.34735576923076933 0.49278846153846156 0.038461538461538436 0.04326923076923078
3 0.7572115384615384 0.7091346153846154 0.14182692307692313 0.578125
3 0.6346153846153846 0.7331730769230769 0.13461538461538458 0.5192307692307692
3 0.6838942307692308 0.5685096153846154 0.06850961538461542 0.2391826923076923
3 0.5528846153846154 0.7127403846153846 0.09975961538461542 0.5721153846153846
3 0.4735576923076923 0.6971153846153846 0.08413461538461542 0.45673076923076916
3 0.42067307692307687 0.7355769230769231 0.11899038461538458 0.5252403846153846
3 0.34374999999999994 0.6742788461538461 0.08173076923076927 0.4170673076923077
