2 0.6995192307692307 0.019230769230769218 0.04206730769230771 0.030048076923076983
5 0.6334134615384616 0.12740384615384615 0.1358173076923077 0.10096153846153855
5 0.6310096153846154 0.2884615384615385 0.11538461538461542 0.08173076923076927
5 0.6105769230769231 0.43028846153846156 0.23798076923076916 0.16346153846153855
5 0.5877403846153846 0.6778846153846154 0.2716346153846154 0.1923076923076923
3 0.5745192307692307 0.2956730769230769 0.3545673076923077 0.09014423076923073
3 0.5685096153846154 0.22836538461538458 0.2716346153846153 0.09014423076923084
3 0.5456730769230769 0.1322115384615385 0.41346153846153844 0.12139423076923073
5 0.5348557692307692 0.8533653846153846 0.31971153846153844 0.18149038461538458
3 0.45432692307692313 0.6670673076923077 0.7572115384615383 0.19711538461538458
3 0.4423076923076923 0.4411057692307692 0.7908653846153846 0.2127403846153847
3 0.40625 0.84375 0.8088942307692308 0.20673076923076916
