3 0.265625 0.11298076923076922 0.16225961538461542 0.05168269230769229
3 0.3858173076923077 0.15865384615384615 0.3185096153846154 0.07692307692307693
3 0.25841346153846156 0.1947115384615385 0.1298076923076923 0.06730769230769232
3 0.4110576923076923 0.3112980769230769 0.2872596153846154 0.11418269230769229
3 0.6502403846153846 0.6033653846153846 0.5745192307692308 0.14423076923076916
3 0.38221153846153844 0.8449519230769231 0.4302884615384615 0.09735576923076927
3 0.2932692307692307 0.9002403846153846 0.24519230769230765 0.0625
4 0.2439903846153846 0.14783653846153844 0.04326923076923078 0.038461538461538464
4 0.40384615384615385 0.6105769230769231 0.07692307692307693 0.06129807692307687
4 0.19831730769230768 0.8449519230769231 0.05048076923076922 0.05168269230769229
4 0.21514423076923078 0.8990384615384616 0.0625 0.04086538461538458
4 0.21033653846153844 0.20432692307692307 0.02644230769230768 0.027644230769230754
