1 0.84375 0.26322115384615385 0.07211538461538458 0.07331730769230771
1 0.15985576923076927 0.27163461538461536 0.08894230769230771 0.07932692307692304
6 0.530048076923077 0.2716346153846154 0.20192307692307687 0.21274038461538464
1 0.058894230769230727 0.35697115384615385 0.0625 0.07932692307692307
1 0.5372596153846154 0.3581730769230769 0.11298076923076927 0.0625
3 0.8257211538461539 0.49399038461538464 0.34495192307692313 0.9302884615384616
3 0.12620192307692313 0.5024038461538461 0.25 0.9615384615384615
3 0.5264423076923077 0.5793269230769231 0.3533653846153846 0.8377403846153846
6 0.13701923076923073 0.14423076923076922 0.1983173076923077 0.21995192307692304
7 0.8846153846153846 0.15504807692307693 0.2235576923076923 0.24038461538461542
