2 0.7019230769230769 0.4411057692307692 0.1622596153846153 0.07451923076923073
2 0.6911057692307692 0.9026442307692306 0.1766826923076924 0.07451923076923073
2 0.6646634615384616 0.16826923076923073 0.1766826923076923 0.08293269230769229
2 0.6646634615384616 0.6694711538461539 0.2295673076923077 0.11057692307692313
2 0.6418269230769231 0.29927884615384615 0.21153846153846156 0.11057692307692313
3 0.40625 0.9122596153846154 0.7776442307692308 0.171875
3 0.4002403846153846 0.44471153846153844 0.7776442307692308 0.1983173076923077
3 0.39903846153846156 0.6959134615384616 0.7740384615384615 0.2608173076923077
3 0.3798076923076923 0.3137019230769231 0.7307692307692308 0.21514423076923073
3 0.3786057692307693 0.17067307692307693 0.7548076923076923 0.20432692307692302
