6 0.5132211538461539 0.07932692307692307 0.14182692307692313 0.12379807692307693
7 0.3942307692307692 0.6129807692307693 0.20673076923076927 0.1766826923076923
7 0.532451923076923 0.65625 0.1298076923076923 0.10336538461538458
7 0.5721153846153846 0.71875 0.10336538461538458 0.11538461538461542
7 0.38701923076923067 0.7848557692307693 0.19110576923076927 0.16586538461538458
7 0.4963942307692307 0.9026442307692307 0.16225961538461542 0.1514423076923077
5 0.32091346153846156 0.09615384615384616 0.31129807692307687 0.18269230769230768
5 0.12860576923076927 0.6141826923076923 0.2548076923076923 0.24399038461538458
5 0.14423076923076927 0.7800480769230769 0.2860576923076923 0.1610576923076923
5 0.25841346153846156 0.9002403846153846 0.3233173076923077 0.1670673076923077
3 0.3028846153846154 0.10336538461538461 0.5877403846153846 0.19110576923076922
3 0.24639423076923073 0.6117788461538461 0.4891826923076923 0.28245192307692313
3 0.24399038461538464 0.7764423076923077 0.469951923076923 0.19110576923076916
3 0.31009615384615385 0.9014423076923077 0.5576923076923077 0.1875
3 0.44471153846153844 0.6935096153846154 0.359375 0.1766826923076923
