7 0.3245192307692307 0.3665865384615384 0.02644230769230771 0.024038461538461564
7 0.6646634615384616 0.35216346153846156 0.02644230769230771 0.030048076923076872
6 0.7283653846153846 0.4783653846153846 0.034855769230769273 0.03245192307692313
5 0.30528846153846156 0.31971153846153844 0.04206730769230771 0.06370192307692313
5 0.47115384615384615 0.3377403846153846 0.024038461538461453 0.05769230769230771
5 0.6826923076923077 0.31370192307692313 0.03725961538461542 0.05649038461538458
3 0.7427884615384617 0.37620192307692313 0.06610576923076927 0.25360576923076916
3 0.313701923076923 0.328125 0.05168269230769229 0.109375
3 0.4747596153846153 0.3365384615384616 0.04206730769230771 0.10096153846153844
3 0.6778846153846154 0.3269230769230769 0.055288461538461564 0.09014423076923073
