4 0.5324519230769231 0.7175480769230769 0.04807692307692313 0.046875
4 0.549278846153846 0.6490384615384616 0.038461538461538436 0.03846153846153855
4 0.5432692307692306 0.5769230769230769 0.038461538461538436 0.038461538461538436
4 0.5841346153846154 0.43149038461538464 0.03605769230769229 0.038461538461538436
4 0.5444711538461539 0.3701923076923077 0.04807692307692313 0.04086538461538458
4 0.5480769230769231 0.3004807692307693 0.04206730769230771 0.04567307692307687
3 0.7355769230769231 0.7235576923076923 0.4435096153846154 0.09975961538461542
3 0.7355769230769231 0.6418269230769231 0.4375 0.08413461538461542
3 0.7307692307692306 0.5745192307692307 0.4591346153846153 0.08894230769230771
3 0.7463942307692307 0.5096153846153846 0.4170673076923077 0.09375
3 0.7536057692307693 0.4314903846153846 0.4014423076923077 0.08894230769230771
3 0.7403846153846154 0.3641826923076923 0.4471153846153846 0.07211538461538458
3 0.7463942307692307 0.2908653846153846 0.46995192307692313 0.09375
