3 0.6286057692307693 0.8100961538461539 0.7403846153846154 0.24278846153846145
3 0.6634615384615384 0.6262019230769231 0.6514423076923077 0.1670673076923076
3 0.6322115384615384 0.4314903846153846 0.7307692307692306 0.22836538461538458
3 0.6490384615384616 0.22475961538461542 0.6911057692307694 0.23076923076923084
7 0.3329326923076923 0.7403846153846154 0.15264423076923078 0.12139423076923073
7 0.389423076923077 0.6009615384615383 0.10576923076923078 0.10576923076923073
7 0.3221153846153847 0.46153846153846156 0.09014423076923078 0.09254807692307687
7 0.3653846153846154 0.28725961538461536 0.10576923076923078 0.10817307692307698
5 0.6021634615384616 0.8317307692307692 0.4615384615384615 0.1983173076923076
5 0.6730769230769231 0.6310096153846154 0.3798076923076923 0.171875
5 0.5985576923076923 0.4435096153846154 0.36298076923076916 0.1983173076923077
5 0.6394230769230769 0.23197115384615385 0.390625 0.2079326923076923
