7 0.8521634615384616 0.14543269230769232 0.11057692307692313 0.109375
7 0.5012019230769231 0.12860576923076922 0.10817307692307698 0.1514423076923077
7 0.24879807692307687 0.171875 0.11899038461538458 0.1598557692307692
7 0.2391826923076923 0.06129807692307693 0.11899038461538458 0.09495192307692307
5 0.859375 0.39663461538461536 0.16586538461538458 0.326923076923077
5 0.5420673076923077 0.36658653846153844 0.19110576923076916 0.3389423076923077
5 0.11298076923076933 0.3425480769230769 0.21514423076923073 0.4158653846153847
5 0.25721153846153844 0.36658653846153844 0.1454326923076923 0.2704326923076923
3 0.8100961538461539 0.5168269230769231 0.28245192307692313 0.8509615384615383
3 0.5120192307692308 0.4939903846153846 0.2752403846153846 0.890625
3 0.15504807692307687 0.5324519230769231 0.3064903846153846 0.8846153846153846
3 0.24399038461538458 0.4963942307692307 0.1514423076923077 0.9735576923076923
