6 0.25721153846153844 0.3221153846153846 0.09375 0.11298076923076922
6 0.3653846153846154 0.9134615384615384 0.15024038461538464 0.171875
7 0.5120192307692307 0.32211538461538464 0.109375 0.15504807692307696
7 0.09254807692307693 0.6887019230769231 0.09855769230769229 0.11778846153846156
7 0.016826923076923076 0.4170673076923077 0.03245192307692308 0.05649038461538464
4 0.16466346153846154 0.7199519230769231 0.11057692307692307 0.12139423076923073
0 0.3798076923076923 0.3401442307692308 0.10576923076923078 0.10096153846153844
3 0.2439903846153846 0.5745192307692307 0.13701923076923078 0.6057692307692306
3 0.020432692307692308 0.6995192307692307 0.040865384615384616 0.5612980769230769
3 0.36057692307692313 0.5348557692307693 0.11899038461538464 0.4891826923076923
3 0.4747596153846153 0.5925480769230769 0.19350961538461536 0.6802884615384617
3 0.59375 0.48076923076923084 0.12860576923076916 0.3653846153846154
3 0.6766826923076923 0.49278846153846156 0.09375 0.421875
3 0.7824519230769231 0.5192307692307693 0.1983173076923077 0.5096153846153846
3 0.9302884615384616 0.671875 0.13942307692307687 0.44110576923076916
3 0.17307692307692307 0.8317307692307693 0.21754807692307696 0.33653846153846145
3 0.44591346153846156 0.35096153846153844 0.05769230769230771 0.14182692307692307
2 0.7379807692307694 0.32932692307692313 0.09735576923076927 0.12139423076923078
2 0.6766826923076923 0.3497596153846154 0.050480769230769273 0.12980769230769235
2 0.9459134615384616 0.5372596153846154 0.10817307692307687 0.15024038461538458
