6 0.19471153846153846 0.38341346153846156 0.14663461538461536 0.1670673076923077
6 0.23076923076923078 0.8413461538461539 0.15264423076923075 0.22596153846153855
6 0.25 0.6237980769230769 0.17788461538461542 0.19110576923076927
1 0.3341346153846154 0.6129807692307692 0.030048076923076927 0.09014423076923084
5 0.5528846153846154 0.3605769230769231 0.4783653846153846 0.342548076923077
3 0.5552884615384616 0.3341346153846154 0.8762019230769231 0.375
3 0.5673076923076923 0.8737980769230769 0.8245192307692308 0.24879807692307698
3 0.5853365384615384 0.6574519230769231 0.8197115384615385 0.25721153846153844
5 0.5901442307692307 0.673076923076923 0.4795673076923077 0.3076923076923077
5 0.5973557692307693 0.8689903846153846 0.5324519230769231 0.234375
