0 0.4879807692307693 0.7283653846153846 0.04567307692307687 0.07932692307692302
0 0.8149038461538461 0.6658653846153846 0.04206730769230771 0.08413461538461542
0 0.7644230769230769 0.6442307692307693 0.043269230769230727 0.05769230769230771
6 0.5925480769230769 0.4026442307692307 0.04567307692307687 0.06610576923076922
7 0.5973557692307692 0.36057692307692313 0.038461538461538436 0.06129807692307693
7 0.6778846153846154 0.36778846153846156 0.046875 0.06971153846153849
7 0.3377403846153846 0.38221153846153844 0.03725961538461542 0.046875
7 0.3677884615384615 0.2512019230769231 0.03725961538461531 0.04206730769230771
7 0.4050480769230769 0.20913461538461536 0.027644230769230727 0.04086538461538461
3 0.21875 0.6141826923076923 0.09975961538461542 0.359375
3 0.4591346153846154 0.7872596153846154 0.13461538461538458 0.18629807692307698
3 0.11538461538461542 0.6923076923076923 0.09735576923076916 0.22475961538461542
3 0.06129807692307693 0.6129807692307693 0.08653846153846156 0.24399038461538458
3 0.326923076923077 0.5480769230769231 0.07331730769230771 0.3798076923076923
3 0.5913461538461539 0.5877403846153846 0.08894230769230771 0.43389423076923084
3 0.7548076923076923 0.7247596153846154 0.09014423076923073 0.23798076923076916
3 0.8689903846153846 0.7271634615384615 0.1454326923076923 0.22596153846153844
3 0.6754807692307694 0.5072115384615385 0.08173076923076927 0.3473557692307693
3 0.5901442307692307 0.40985576923076916 0.07692307692307687 0.15504807692307693
3 0.6237980769230769 0.45552884615384615 0.06971153846153844 0.40745192307692313
3 0.4158653846153846 0.3762019230769231 0.06610576923076916 0.3846153846153847
3 0.3629807692307692 0.33052884615384615 0.043269230769230727 0.2079326923076923
3 0.4963942307692308 0.37860576923076916 0.06971153846153844 0.20913461538461536
2 0.09975961538461536 0.59375 0.027644230769230727 0.04086538461538458
