3 0.5144230769230769 0.17307692307692307 0.9447115384615383 0.33653846153846156
3 0.5144230769230769 0.41586538461538464 0.9519230769230769 0.25721153846153844
3 0.5300480769230769 0.6947115384615384 0.9134615384615383 0.29807692307692313
5 0.5709134615384616 0.1658653846153846 0.5072115384615385 0.3317307692307692
5 0.5793269230769231 0.3954326923076923 0.6622596153846154 0.24399038461538458
5 0.6177884615384616 0.6935096153846154 0.6454326923076923 0.30048076923076916
4 0.14423076923076922 0.15745192307692307 0.2139423076923077 0.16225961538461542
6 0.14182692307692307 0.46033653846153844 0.20673076923076922 0.1358173076923077
6 0.17067307692307693 0.7115384615384615 0.16826923076923075 0.13221153846153844
1 0.23317307692307693 0.4579326923076923 0.0480769230769231 0.07211538461538458
1 0.25961538461538464 0.6923076923076923 0.0480769230769231 0.08173076923076927
