4 0.8713942307692308 0.4314903846153847 0.0625 0.07932692307692307
4 0.704326923076923 0.4567307692307692 0.05769230769230771 0.05769230769230771
4 0.6310096153846154 0.4567307692307692 0.04086538461538469 0.07331730769230771
4 0.35937499999999994 0.43509615384615385 0.050480769230769273 0.04567307692307693
4 0.2644230769230768 0.4567307692307692 0.07692307692307698 0.08653846153846156
5 0.9002403846153846 0.5264423076923077 0.11298076923076927 0.17788461538461542
5 0.7596153846153846 0.5432692307692307 0.11778846153846156 0.15024038461538458
5 0.33894230769230765 0.53125 0.06610576923076927 0.11899038461538458
5 0.20432692307692313 0.5612980769230769 0.1358173076923077 0.17788461538461542
5 0.5853365384615384 0.5288461538461539 0.03245192307692313 0.05168269230769229
5 0.6057692307692308 0.5120192307692307 0.025240384615384692 0.05168269230769229
3 0.9158653846153846 0.6358173076923077 0.1454326923076923 0.5096153846153846
3 0.7512019230769231 0.6141826923076923 0.14182692307692302 0.3653846153846154
3 0.6526442307692308 0.5769230769230769 0.08413461538461542 0.3185096153846154
3 0.6033653846153846 0.5408653846153846 0.027644230769230838 0.15504807692307698
3 0.5817307692307692 0.5492788461538461 0.05288461538461531 0.1490384615384615
3 0.4338942307692307 0.6081730769230769 0.12379807692307687 0.2740384615384616
3 0.34495192307692313 0.5901442307692307 0.09855769230769229 0.37379807692307687
3 0.21634615384615385 0.6550480769230769 0.1923076923076923 0.5060096153846154
