7 0.8557692307692308 0.7776442307692308 0.16826923076923073 0.140625
6 0.8401442307692308 0.6081730769230769 0.17307692307692302 0.140625
5 0.45192307692307687 0.8473557692307693 0.53125 0.2704326923076923
5 0.45192307692307687 0.5697115384615383 0.5 0.2692307692307693
3 0.5168269230769231 0.8497596153846154 0.8377403846153846 0.26923076923076916
3 0.5060096153846153 0.5745192307692308 0.8137019230769231 0.30528846153846156
3 0.44591346153846156 0.19951923076923073 0.5168269230769231 0.1358173076923077
5 0.5084134615384616 0.2115384615384615 0.18629807692307687 0.09735576923076927
7 0.6502403846153846 0.21274038461538458 0.06971153846153844 0.04807692307692313
5 0.5961538461538461 0.4254807692307693 0.2079326923076923 0.09975961538461542
7 0.7307692307692308 0.421875 0.0625 0.0625
3 0.5048076923076923 0.40745192307692313 0.5372596153846154 0.12019230769230771
