6 0.4026442307692308 0.8305288461538461 0.14903846153846156 0.18028846153846145
6 0.3329326923076923 0.6237980769230769 0.08413461538461542 0.10096153846153844
6 0.37259615384615385 0.5228365384615384 0.04807692307692307 0.05528846153846145
6 0.3161057692307692 0.32091346153846156 0.18870192307692304 0.1610576923076923
6 0.4122596153846153 0.1766826923076923 0.10817307692307693 0.109375
5 0.7283653846153846 0.8365384615384616 0.37860576923076916 0.2391826923076923
5 0.5084134615384616 0.6382211538461539 0.2115384615384615 0.13221153846153855
5 0.46754807692307687 0.5120192307692307 0.10937499999999994 0.07932692307692313
5 0.6947115384615383 0.3269230769230768 0.4903846153846153 0.311298076923077
5 0.6033653846153846 0.1490384615384615 0.251201923076923 0.14903846153846156
3 0.6622596153846154 0.8293269230769231 0.6550480769230769 0.23798076923076927
3 0.6502403846153846 0.6346153846153846 0.6947115384615383 0.16586538461538458
3 0.5432692307692308 0.5168269230769231 0.4254807692307693 0.12139423076923073
3 0.6045673076923077 0.3341346153846154 0.7848557692307692 0.3173076923076923
3 0.6418269230769231 0.18028846153846162 0.5997596153846154 0.16826923076923073
