6 0.28846153846153844 0.7067307692307692 0.1442307692307692 0.171875
7 0.32572115384615385 0.1586538461538461 0.2139423076923077 0.21153846153846156
1 0.3473557692307693 0.5228365384615384 0.07932692307692307 0.14182692307692313
1 0.38461538461538464 0.7199519230769231 0.06730769230769229 0.11899038461538469
1 0.46634615384615385 0.17908653846153844 0.08653846153846151 0.1514423076923077
3 0.5576923076923077 0.4627403846153846 0.875 0.3185096153846154
3 0.5865384615384616 0.7572115384615384 0.7740384615384615 0.3329326923076923
3 0.6081730769230769 0.1826923076923077 0.7776442307692308 0.35576923076923084
5 0.7283653846153846 0.45432692307692313 0.5348557692307692 0.2908653846153846
5 0.7668269230769231 0.7355769230769231 0.4627403846153846 0.2848557692307693
5 0.8040865384615384 0.19350961538461542 0.3641826923076923 0.3810096153846154
6 0.2151442307692308 0.5096153846153846 0.16105769230769235 0.18389423076923084
