6 0.23317307692307693 0.7692307692307692 0.4495192307692307 0.451923076923077
6 0.3798076923076923 0.4134615384615384 0.027644230769230782 0.024038461538461564
6 0.38461538461538464 0.4411057692307693 0.024038461538461564 0.02043269230769229
5 0.4122596153846154 0.46754807692307687 0.030048076923076927 0.02163461538461542
5 0.41947115384615385 0.45673076923076933 0.05168269230769229 0.038461538461538436
5 0.4314903846153846 0.41346153846153844 0.07692307692307693 0.0625
3 0.43870192307692313 0.45192307692307687 0.10336538461538464 0.04807692307692313
3 0.4423076923076923 0.44471153846153844 0.13461538461538458 0.05288461538461542
3 0.45913461538461536 0.41346153846153844 0.18028846153846156 0.0625
3 0.4987980769230769 0.7055288461538461 0.9807692307692307 0.5769230769230769
