3 0.38822115384615385 0.38341346153846156 0.21995192307692313 0.04206730769230771
3 0.390625 0.4266826923076923 0.22475961538461542 0.04086538461538464
3 0.3810096153846154 0.4699519230769231 0.25 0.04206730769230771
3 0.3810096153846154 0.5252403846153846 0.2860576923076923 0.05048076923076922
3 0.38341346153846156 0.5721153846153846 0.28004807692307687 0.04567307692307687
3 0.3786057692307693 0.6033653846153846 0.234375 0.03725961538461542
3 0.39663461538461536 0.6394230769230769 0.22596153846153844 0.04567307692307687
6 0.4903846153846154 0.4338942307692307 0.03605769230769229 0.021634615384615363
6 0.48076923076923067 0.5997596153846154 0.024038461538461564 0.02043269230769229
6 0.49158653846153844 0.6346153846153846 0.02644230769230771 0.015625
6 0.5036057692307692 0.5240384615384616 0.030048076923076983 0.015625
0 0.4903846153846154 0.47115384615384615 0.02524038461538458 0.02043269230769229
5 0.42187499999999994 0.38341346153846156 0.09735576923076927 0.02644230769230771
5 0.4230769230769232 0.42788461538461536 0.11057692307692302 0.03125
5 0.42307692307692313 0.467548076923077 0.10336538461538458 0.04326923076923078
5 0.43629807692307687 0.5216346153846154 0.09975961538461542 0.043269230769230727
5 0.4302884615384616 0.5721153846153846 0.09014423076923073 0.038461538461538436
5 0.4146634615384616 0.6033653846153846 0.10096153846153844 0.034855769230769273
5 0.43509615384615385 0.6418269230769231 0.08894230769230771 0.038461538461538436
