7 0.47596153846153844 0.6490384615384615 0.05649038461538458 0.058894230769230727
7 0.5192307692307692 0.5649038461538461 0.046875 0.04807692307692313
7 0.6033653846153846 0.46153846153846156 0.04326923076923084 0.04567307692307687
7 0.5516826923076923 0.3329326923076923 0.05288461538461542 0.05288461538461542
7 0.5576923076923077 0.20552884615384615 0.05048076923076916 0.04567307692307687
3 0.45432692307692313 0.7355769230769231 0.28485576923076916 0.09495192307692302
3 0.3377403846153846 0.6598557692307692 0.34014423076923084 0.08653846153846156
3 0.375 0.5612980769230769 0.34014423076923084 0.08173076923076927
3 0.4783653846153846 0.4651442307692307 0.30048076923076916 0.08653846153846145
3 0.43509615384615385 0.3377403846153846 0.29807692307692313 0.08774038461538458
3 0.4314903846153846 0.21033653846153844 0.3028846153846154 0.08894230769230771
2 0.5709134615384616 0.7548076923076923 0.03846153846153855 0.04086538461538458
