1 0.5108173076923077 0.4879807692307692 0.05889423076923084 0.10096153846153844
1 0.6069711538461539 0.3064903846153846 0.07692307692307687 0.06610576923076916
1 0.5769230769230769 0.6850961538461539 0.07211538461538458 0.07692307692307687
5 0.2764423076923077 0.17427884615384615 0.5432692307692308 0.2860576923076923
5 0.19591346153846156 0.48197115384615385 0.38942307692307687 0.2608173076923077
5 0.25841346153846156 0.7920673076923077 0.5144230769230769 0.30889423076923084
3 0.37620192307692313 0.1875 0.7331730769230769 0.33173076923076916
3 0.3076923076923077 0.48076923076923084 0.5973557692307692 0.3028846153846154
3 0.3629807692307693 0.8100961538461539 0.7175480769230769 0.3701923076923077
2 0.6454326923076923 0.27884615384615385 0.18149038461538458 0.1454326923076923
2 0.5192307692307692 0.5060096153846154 0.14903846153846156 0.11899038461538458
2 0.6237980769230769 0.7259615384615384 0.17307692307692302 0.1514423076923077
