0 0.45192307692307687 0.48197115384615385 0.06129807692307687 0.05528846153846145
0 0.484375 0.43870192307692313 0.05288461538461542 0.03725961538461542
0 0.4783653846153846 0.3161057692307693 0.05889423076923084 0.05769230769230771
0 0.5228365384615384 0.22475961538461536 0.05769230769230771 0.07692307692307698
0 0.7872596153846154 0.6826923076923077 0.03245192307692302 0.03725961538461542
3 0.6730769230769231 0.6670673076923077 0.282451923076923 0.13100961538461542
3 0.3161057692307693 0.4795673076923077 0.3545673076923077 0.09975961538461542
3 0.3641826923076923 0.44350961538461536 0.3221153846153846 0.08173076923076927
3 0.37740384615384615 0.31370192307692313 0.28245192307692313 0.09975961538461542
3 0.29567307692307687 0.1983173076923077 0.53125 0.16826923076923084
3 0.32932692307692313 0.09735576923076922 0.29326923076923084 0.11778846153846156
