3 0.5564903846153846 0.7331730769230769 0.671875 0.2247596153846153
3 0.7259615384615385 0.4939903846153846 0.3377403846153847 0.19951923076923084
3 0.6009615384615384 0.3341346153846154 0.5829326923076923 0.20673076923076916
3 0.6766826923076923 0.18028846153846156 0.39423076923076916 0.16225961538461542
5 0.45072115384615385 0.7716346153846154 0.2115384615384615 0.12019230769230771
5 0.6850961538461539 0.5144230769230769 0.1514423076923077 0.12139423076923073
5 0.46634615384615385 0.3413461538461539 0.2115384615384615 0.13221153846153844
7 0.27163461538461536 0.7704326923076923 0.08653846153846156 0.078125
7 0.37740384615384615 0.39783653846153844 0.10817307692307693 0.06129807692307687
6 0.6033653846153846 0.45432692307692313 0.09495192307692302 0.078125
