3 0.7319711538461539 0.6346153846153846 0.06730769230769229 0.24399038461538458
3 0.5925480769230769 0.6358173076923077 0.09375 0.25360576923076916
3 0.46153846153846156 0.6237980769230769 0.07211538461538458 0.22836538461538458
3 0.20673076923076927 0.5901442307692307 0.05288461538461542 0.21875
5 0.7295673076923077 0.5829326923076923 0.06610576923076916 0.06610576923076927
5 0.592548076923077 0.6009615384615383 0.06730769230769229 0.12139423076923073
5 0.4615384615384615 0.5853365384615384 0.055288461538461564 0.10456730769230771
5 0.20312499999999994 0.5697115384615384 0.050480769230769273 0.09975961538461542
6 0.7487980769230769 0.5348557692307693 0.027644230769230727 0.02524038461538458
6 0.6117788461538461 0.5300480769230769 0.024038461538461453 0.034855769230769273
6 0.4495192307692307 0.5264423076923077 0.03605769230769229 0.03725961538461542
7 0.21274038461538464 0.4963942307692308 0.027644230769230727 0.03725961538461531
