7 0.6730769230769231 0.2391826923076923 0.03725961538461542 0.0625
7 0.8185096153846154 0.31009615384615385 0.038461538461538436 0.05168269230769229
7 0.7043269230769231 0.5673076923076923 0.04206730769230771 0.046875
3 0.5612980769230769 0.39903846153846156 0.09375 0.29807692307692313
3 0.16947115384615385 0.39903846153846156 0.13942307692307693 0.16225961538461542
3 0.7379807692307693 0.45432692307692313 0.10456730769230771 0.2764423076923077
3 0.8497596153846154 0.45192307692307687 0.07692307692307698 0.23076923076923084
3 0.9314903846153846 0.3966346153846154 0.11057692307692302 0.19110576923076916
3 0.6742788461538461 0.15745192307692313 0.15504807692307687 0.25360576923076916
3 0.8064903846153846 0.18509615384615385 0.14182692307692302 0.29567307692307687
