5 0.6971153846153846 0.46875 0.3485576923076923 0.18149038461538458
5 0.5372596153846154 0.2704326923076923 0.17788461538461542 0.09975961538461542
5 0.7367788461538461 0.18389423076923073 0.28004807692307687 0.12379807692307687
6 0.4435096153846154 0.4615384615384616 0.10336538461538464 0.07451923076923073
6 0.4122596153846153 0.27764423076923067 0.06610576923076922 0.050480769230769273
6 0.5216346153846154 0.18629807692307687 0.109375 0.08894230769230771
6 0.46153846153846156 0.15985576923076927 0.05769230769230771 0.04086538461538458
3 0.6923076923076923 0.46754807692307687 0.6129807692307692 0.20913461538461542
3 0.6286057692307693 0.2764423076923077 0.5480769230769231 0.125
3 0.6911057692307693 0.1983173076923077 0.5216346153846154 0.15024038461538458
