3 0.5685096153846154 0.4723557692307692 0.5 0.2908653846153847
3 0.6634615384615384 0.19110576923076927 0.5528846153846154 0.3329326923076923
3 0.4651442307692307 0.8713942307692308 0.59375 0.19110576923076927
3 0.6959134615384616 0.5745192307692307 0.23557692307692313 0.12620192307692313
3 0.6850961538461539 0.7223557692307693 0.16346153846153855 0.10456730769230771
2 0.6971153846153846 0.4254807692307693 0.25 0.17307692307692313
2 0.8353365384615385 0.25240384615384615 0.21153846153846156 0.1766826923076923
2 0.6911057692307692 0.8653846153846154 0.14182692307692302 0.11778846153846156
2 0.7211538461538461 0.7247596153846153 0.07692307692307687 0.05168269230769229
2 0.7487980769230769 0.5564903846153846 0.10336538461538458 0.078125
