3 0.35096153846153844 0.8064903846153846 0.25360576923076916 0.38221153846153844
3 0.5817307692307692 0.8353365384615384 0.10096153846153844 0.3076923076923077
3 0.7704326923076923 0.7463942307692306 0.34735576923076916 0.4963942307692307
6 0.38100961538461536 0.7079326923076923 0.11778846153846156 0.16586538461538458
6 0.7019230769230769 0.6189903846153846 0.18389423076923084 0.23317307692307698
0 0.5721153846153846 0.7199519230769231 0.058894230769230727 0.07451923076923073
5 0.3485576923076923 0.8894230769230769 0.203125 0.21754807692307698
5 0.4987980769230769 0.8810096153846154 0.13942307692307698 0.234375
5 0.5841346153846154 0.8641826923076923 0.10336538461538458 0.23798076923076916
5 0.7668269230769231 0.8810096153846154 0.344951923076923 0.22596153846153844
