4 0.6225961538461539 0.18990384615384615 0.11418269230769229 0.1298076923076923
4 0.5036057692307692 0.41346153846153844 0.14903846153846156 0.12860576923076922
4 0.46995192307692313 0.25721153846153844 0.109375 0.10096153846153849
4 0.44350961538461536 0.3473557692307692 0.12379807692307698 0.06971153846153844
4 0.5204326923076923 0.6995192307692307 0.125 0.125
3 0.30528846153846156 0.7259615384615383 0.5949519230769231 0.25721153846153844
3 0.29807692307692313 0.4314903846153847 0.5673076923076923 0.19711538461538464
3 0.2692307692307693 0.25961538461538464 0.5168269230769231 0.12019230769230771
3 0.3822115384615384 0.3533653846153847 0.2692307692307693 0.09014423076923078
3 0.34375 0.1454326923076923 0.6622596153846154 0.21874999999999997
