5 0.40024038461538464 0.7920673076923077 0.23076923076923073 0.25
5 0.35697115384615385 0.6129807692307692 0.1766826923076923 0.18870192307692302
5 0.3377403846153847 0.4266826923076923 0.15745192307692313 0.19711538461538458
5 0.4939903846153847 0.2740384615384616 0.31370192307692313 0.3653846153846153
6 0.21514423076923078 0.7740384615384615 0.08653846153846156 0.14423076923076927
3 0.5048076923076923 0.8076923076923077 0.6754807692307692 0.234375
3 0.43028846153846156 0.6189903846153846 0.5120192307692306 0.1778846153846153
3 0.38341346153846156 0.4182692307692307 0.45192307692307687 0.20913461538461542
3 0.5721153846153846 0.28245192307692313 0.7091346153846154 0.3485576923076923
1 0.24879807692307687 0.7632211538461539 0.02524038461538458 0.08894230769230771
