7 0.15865384615384615 0.3341346153846154 0.04807692307692307 0.04326923076923078
7 0.15985576923076922 0.4314903846153846 0.038461538461538464 0.03725961538461536
6 0.1646634615384615 0.6574519230769231 0.04206730769230768 0.04567307692307687
7 0.16586538461538458 0.08653846153846154 0.038461538461538464 0.026442307692307696
7 0.16826923076923078 0.21995192307692307 0.030048076923076927 0.027644230769230754
7 0.16826923076923078 0.27764423076923084 0.030048076923076927 0.027644230769230782
5 0.21153846153846154 0.18629807692307693 0.07451923076923078 0.030048076923076927
3 0.22475961538461542 0.37139423076923084 0.1983173076923077 0.04567307692307693
5 0.2259615384615385 0.22235576923076922 0.08653846153846156 0.05288461538461539
5 0.22596153846153846 0.2848557692307692 0.09254807692307693 0.055288461538461564
3 0.23197115384615385 0.18629807692307693 0.1574519230769231 0.030048076923076927
3 0.24879807692307693 0.22235576923076922 0.22235576923076925 0.05288461538461539
5 0.25 0.9026442307692307 0.19350961538461542 0.09975961538461542
5 0.251201923076923 0.34615384615384615 0.13100961538461536 0.06971153846153849
3 0.2548076923076923 0.282451923076923 0.203125 0.05288461538461536
3 0.2644230769230769 0.07692307692307693 0.24278846153846156 0.055288461538461536
5 0.2764423076923077 0.6610576923076923 0.16586538461538458 0.07211538461538458
3 0.2956730769230769 0.12139423076923077 0.3954326923076923 0.10336538461538461
3 0.2980769230769231 0.342548076923077 0.3016826923076923 0.06129807692307693
5 0.3112980769230769 0.8112980769230769 0.21875 0.09975961538461542
3 0.31971153846153844 0.9050480769230769 0.5564903846153846 0.11899038461538458
3 0.32572115384615385 0.6574519230769231 0.3990384615384615 0.11418269230769229
5 0.3449519230769231 0.4627403846153847 0.3533653846153847 0.15745192307692313
3 0.3653846153846153 0.7980769230769231 0.5300480769230769 0.12860576923076916
3 0.49278846153846156 0.4567307692307692 0.9375 0.23076923076923073
7 0.06971153846153846 0.47596153846153844 0.10096153846153846 0.08653846153846151
7 0.10817307692307693 0.8966346153846154 0.0721153846153846 0.05168269230769229
7 0.1346153846153846 0.12620192307692307 0.046875 0.04807692307692307
7 0.15024038461538458 0.36778846153846156 0.04206730769230768 0.03245192307692307
7 0.15264423076923078 0.7980769230769231 0.06610576923076925 0.05769230769230771
7 0.15504807692307693 0.06370192307692307 0.03605769230769229 0.03125
