7 0.2920673076923077 0.32692307692307687 0.11538461538461542 0.125
6 0.296875 0.7259615384615384 0.11298076923076925 0.13100961538461542
7 0.2980769230769231 0.8605769230769231 0.125 0.12860576923076927
7 0.3557692307692307 0.5048076923076923 0.11298076923076922 0.11538461538461542
1 0.35817307692307687 0.717548076923077 0.04807692307692307 0.06730769230769229
5 0.5228365384615384 0.7427884615384616 0.1802884615384615 0.13461538461538458
3 0.6129807692307693 0.33653846153846156 0.7716346153846154 0.24038461538461542
3 0.6165865384615384 0.7199519230769231 0.7608173076923077 0.1971153846153847
3 0.6370192307692307 0.5288461538461539 0.7175480769230769 0.20192307692307687
5 0.6622596153846154 0.33653846153846156 0.4591346153846154 0.20432692307692313
5 0.6682692307692307 0.8894230769230769 0.4615384615384615 0.2127403846153847
5 0.6694711538461537 0.5324519230769231 0.31971153846153844 0.19350961538461542
