3 0.10456730769230771 0.5612980769230769 0.13461538461538458 0.5120192307692308
3 0.3137019230769231 0.5528846153846154 0.12620192307692302 0.4170673076923077
3 0.3858173076923077 0.5252403846153846 0.078125 0.2596153846153846
3 0.8100961538461539 0.6466346153846154 0.3233173076923077 0.671875
3 0.9278846153846154 0.4807692307692308 0.07451923076923073 0.18028846153846156
7 0.11538461538461542 0.33653846153846156 0.07211538461538458 0.06850961538461542
7 0.3389423076923077 0.3798076923076923 0.04326923076923084 0.05889423076923078
7 0.39903846153846156 0.41586538461538464 0.03846153846153855 0.038461538461538436
7 0.6983173076923077 0.40384615384615385 0.09975961538461542 0.17307692307692307
7 0.9134615384615384 0.4182692307692307 0.04567307692307687 0.04807692307692307
