3 0.5408653846153846 0.13341346153846156 0.8954326923076923 0.23557692307692313
3 0.6201923076923077 0.33173076923076916 0.734375 0.1875
3 0.5745192307692307 0.5036057692307693 0.8233173076923077 0.21153846153846145
3 0.6262019230769231 0.6862980769230769 0.7079326923076923 0.19350961538461542
3 0.6286057692307693 0.8798076923076923 0.71875 0.20913461538461542
5 0.44711538461538464 0.1634615384615385 0.438701923076923 0.18389423076923073
5 0.6081730769230769 0.3377403846153846 0.407451923076923 0.1875
5 0.6598557692307693 0.7007211538461539 0.4423076923076923 0.17067307692307687
5 0.7271634615384616 0.8713942307692307 0.49879807692307687 0.21754807692307687
6 0.13822115384615385 0.17788461538461542 0.10456730769230771 0.09014423076923084
6 0.2175480769230769 0.5252403846153846 0.09975961538461536 0.09855769230769229
6 0.32211538461538464 0.671875 0.09855769230769229 0.09975961538461542
0 0.3064903846153847 0.34615384615384615 0.10576923076923078 0.09254807692307687
0 0.33173076923076916 0.8810096153846154 0.12860576923076922 0.11057692307692302
1 0.19230769230769232 0.1766826923076923 0.04326923076923078 0.0625
