2 0.3545673076923077 0.4122596153846153 0.07211538461538458 0.03245192307692307
2 0.3557692307692307 0.30288461538461536 0.08173076923076922 0.046875
2 0.358173076923077 0.6213942307692307 0.07211538461538464 0.04086538461538458
2 0.36057692307692313 0.3329326923076923 0.07211538461538464 0.03725961538461536
2 0.3641826923076923 0.10096153846153846 0.05288461538461536 0.030048076923076927
2 0.3689903846153847 0.890625 0.08774038461538464 0.05288461538461542
2 0.3689903846153847 0.14783653846153846 0.10576923076923078 0.06129807692307693
2 0.37620192307692313 0.2668269230769231 0.07211538461538464 0.034855769230769246
2 0.3810096153846153 0.4963942307692308 0.06850961538461536 0.038461538461538436
2 0.39423076923076916 0.7860576923076923 0.06850961538461536 0.046875
3 0.5144230769230769 0.41346153846153844 0.37139423076923084 0.08413461538461542
3 0.5456730769230769 0.5096153846153846 0.3966346153846154 0.10576923076923078
3 0.546875 0.625 0.4435096153846154 0.10576923076923073
3 0.5745192307692307 0.2908653846153846 0.5240384615384615 0.11538461538461536
3 0.5757211538461539 0.8942307692307694 0.5108173076923077 0.11778846153846156
3 0.5817307692307693 0.7872596153846154 0.4302884615384615 0.11057692307692302
3 0.6237980769230769 0.14783653846153846 0.6237980769230769 0.15504807692307693
