1 0.7331730769230769 0.28365384615384615 0.08774038461538458 0.0925480769230769
1 0.27403846153846156 0.2908653846153846 0.13942307692307687 0.11538461538461536
6 0.4411057692307693 0.37259615384615385 0.17067307692307687 0.17307692307692307
6 0.6658653846153846 0.421875 0.13461538461538458 0.16826923076923084
1 0.43269230769230776 0.44591346153846156 0.10576923076923073 0.08894230769230771
1 0.6502403846153846 0.4855769230769231 0.11899038461538458 0.07932692307692302
3 0.7692307692307692 0.5108173076923077 0.342548076923077 0.9338942307692308
3 0.17067307692307687 0.5432692307692307 0.3389423076923077 0.8894230769230769
3 0.4314903846153845 0.6201923076923077 0.264423076923077 0.7067307692307692
6 0.7980769230769231 0.1971153846153846 0.296875 0.2848557692307692
6 0.21514423076923073 0.23076923076923078 0.2451923076923077 0.23317307692307696
