3 0.5348557692307693 0.7836538461538461 0.6177884615384615 0.15504807692307687
3 0.5384615384615384 0.6177884615384616 0.6634615384615385 0.1454326923076923
3 0.5288461538461539 0.4723557692307693 0.6730769230769231 0.16586538461538458
3 0.5264423076923077 0.29807692307692313 0.6682692307692308 0.17788461538461542
3 0.5420673076923077 0.1298076923076923 0.6875 0.16826923076923084
5 0.4495192307692307 0.7776442307692307 0.27043269230769224 0.11418269230769229
5 0.45072115384615385 0.6129807692307692 0.24879807692307687 0.12620192307692302
5 0.43389423076923084 0.47596153846153844 0.24399038461538464 0.13461538461538458
5 0.41346153846153844 0.3028846153846154 0.2295673076923077 0.13100961538461542
5 0.4447115384615385 0.12860576923076927 0.2692307692307693 0.140625
6 0.2608173076923077 0.765625 0.06850961538461542 0.05889423076923084
6 0.25961538461538464 0.6225961538461539 0.078125 0.06730769230769229
6 0.24639423076923075 0.4783653846153846 0.06850961538461536 0.06610576923076916
6 0.2512019230769231 0.3137019230769232 0.07331730769230771 0.07451923076923073
6 0.24879807692307693 0.13701923076923067 0.06610576923076925 0.06610576923076927
