3 0.8365384615384616 0.5216346153846154 0.21995192307692313 0.6201923076923077
3 0.6334134615384616 0.5168269230769231 0.2295673076923077 0.6502403846153846
3 0.49158653846153844 0.46033653846153844 0.20192307692307687 0.5552884615384615
3 0.35216346153846156 0.4014423076923077 0.2548076923076923 0.5252403846153846
3 0.15745192307692313 0.37740384615384615 0.2139423076923077 0.4951923076923077
7 0.8449519230769231 0.2752403846153847 0.11899038461538458 0.11899038461538464
7 0.6538461538461539 0.25600961538461536 0.10817307692307687 0.109375
7 0.5324519230769231 0.22235576923076922 0.08774038461538469 0.08173076923076925
7 0.39423076923076933 0.19110576923076922 0.10576923076923073 0.10817307692307693
7 0.2007211538461538 0.19230769230769232 0.08653846153846156 0.10576923076923078
