7 0.8894230769230769 0.2403846153846154 0.025240384615384692 0.03245192307692307
4 0.3737980769230768 0.3641826923076923 0.07692307692307698 0.07211538461538458
4 0.8365384615384616 0.3557692307692307 0.09495192307692313 0.11538461538461536
4 0.953125 0.25240384615384615 0.03125 0.0300480769230769
0 0.6682692307692308 0.4026442307692308 0.078125 0.10096153846153844
0 0.75 0.2776442307692308 0.02163461538461542 0.024038461538461564
0 0.7992788461538461 0.280048076923077 0.02043269230769229 0.025240384615384637
0 0.265625 0.3810096153846153 0.0625 0.08173076923076922
0 0.18149038461538458 0.3641826923076923 0.0625 0.06850961538461542
0 0.4483173076923077 0.5384615384615384 0.03725961538461542 0.05769230769230771
3 0.8846153846153846 0.6478365384615384 0.1983173076923076 0.6887019230769231
3 0.6658653846153846 0.6730769230769231 0.18629807692307698 0.6514423076923077
3 0.3822115384615384 0.6165865384615384 0.11778846153846156 0.5769230769230769
3 0.24639423076923067 0.5853365384615384 0.15985576923076927 0.5048076923076923
3 0.17307692307692307 0.5516826923076923 0.10817307692307698 0.4627403846153846
3 0.4543269230769231 0.59375 0.08173076923076927 0.1875
3 0.7451923076923077 0.3497596153846153 0.0625 0.17788461538461536
3 0.8016826923076923 0.360576923076923 0.046875 0.18629807692307693
3 0.8942307692307692 0.31610576923076916 0.06610576923076927 0.16706730769230765
3 0.9603365384615384 0.32692307692307687 0.06129807692307687 0.17788461538461536
