6 0.7824519230769231 0.44711538461538464 0.06971153846153844 0.058894230769230727
6 0.673076923076923 0.41346153846153844 0.05168269230769229 0.06370192307692313
6 0.5769230769230769 0.38822115384615385 0.06129807692307698 0.07331730769230771
6 0.48677884615384615 0.42908653846153844 0.05168269230769229 0.06730769230769229
6 0.5432692307692307 0.3918269230769232 0.03605769230769229 0.06370192307692302
6 0.3221153846153845 0.39783653846153844 0.050480769230769273 0.07932692307692313
5 0.7956730769230769 0.31490384615384615 0.109375 0.1766826923076923
5 0.6802884615384616 0.3173076923076923 0.08413461538461542 0.14663461538461542
5 0.6045673076923077 0.2716346153846154 0.08774038461538458 0.1766826923076923
5 0.5420673076923077 0.2752403846153846 0.05889423076923084 0.15625
5 0.4963942307692307 0.3401442307692307 0.06730769230769229 0.14663461538461542
5 0.3473557692307693 0.31129807692307687 0.10456730769230771 0.1670673076923077
6 0.576923076923077 0.7752403846153846 0.02043269230769229 0.02163461538461542
6 0.5228365384615384 0.7740384615384615 0.024038461538461453 0.019230769230769273
5 0.5865384615384616 0.733173076923077 0.03125 0.05168269230769229
5 0.563701923076923 0.7331730769230769 0.02644230769230771 0.05288461538461542
5 0.5216346153846153 0.7307692307692307 0.03605769230769229 0.05769230769230771
3 0.5877403846153846 0.7043269230769231 0.03125 0.1658653846153847
3 0.561298076923077 0.7067307692307692 0.03245192307692313 0.15264423076923073
3 0.5192307692307693 0.7067307692307692 0.04807692307692313 0.15625
3 0.7932692307692308 0.2536057692307693 0.1358173076923076 0.46995192307692313
3 0.6862980769230769 0.24879807692307693 0.12139423076923084 0.407451923076923
3 0.6033653846153847 0.24038461538461536 0.10817307692307687 0.405048076923077
3 0.5372596153846154 0.22475961538461536 0.08774038461538469 0.405048076923077
3 0.4903846153846154 0.2824519230769232 0.09855769230769229 0.376201923076923
3 0.3545673076923077 0.31129807692307687 0.171875 0.2920673076923077
3 0.07572115384615385 0.6838942307692308 0.03245192307692313 0.08774038461538469
