5 0.6009615384615384 0.8762019230769231 0.234375 0.11778846153846156
5 0.5336538461538461 0.7884615384615385 0.2548076923076923 0.1346153846153847
5 0.6009615384615384 0.703125 0.2079326923076923 0.10336538461538458
5 0.5576923076923077 0.625 0.23076923076923084 0.11538461538461542
5 0.563701923076923 0.5024038461538461 0.21995192307692313 0.11418269230769229
5 0.49399038461538464 0.3966346153846155 0.23557692307692302 0.10096153846153844
5 0.579326923076923 0.2764423076923077 0.2079326923076923 0.125
5 0.5456730769230769 0.171875 0.2391826923076924 0.15024038461538458
0 0.7908653846153846 0.8653846153846154 0.08293269230769229 0.06850961538461542
0 0.7415865384615384 0.7896634615384616 0.06370192307692313 0.06971153846153855
0 0.7776442307692308 0.6971153846153846 0.06610576923076927 0.055288461538461564
0 0.7487980769230769 0.626201923076923 0.07451923076923073 0.06129807692307687
0 0.7451923076923077 0.5120192307692307 0.07451923076923084 0.06370192307692313
0 0.6971153846153846 0.4026442307692307 0.07211538461538458 0.06730769230769229
0 0.7620192307692307 0.27403846153846156 0.07331730769230771 0.06129807692307687
0 0.7403846153846154 0.18149038461538453 0.07932692307692302 0.08173076923076927
3 0.47115384615384615 0.8846153846153846 0.7512019230769231 0.13221153846153844
3 0.4471153846153846 0.7860576923076923 0.6971153846153846 0.12139423076923084
3 0.4879807692307693 0.703125 0.6634615384615385 0.09375
3 0.4591346153846154 0.6201923076923077 0.671875 0.13701923076923084
3 0.4495192307692307 0.4939903846153846 0.6706730769230769 0.15024038461538458
3 0.41346153846153844 0.3954326923076923 0.6454326923076923 0.13100961538461542
3 0.46153846153846156 0.28125 0.6658653846153846 0.15264423076923084
3 0.4110576923076923 0.15625 0.7692307692307692 0.19110576923076916
1 0.71875 0.5132211538461539 0.02163461538461542 0.03846153846153855
1 0.7115384615384615 0.18629807692307687 0.027644230769230727 0.046875
