0 0.8149038461538461 0.21274038461538458 0.07692307692307687 0.10937499999999997
0 0.594951923076923 0.5504807692307692 0.06730769230769229 0.10096153846153844
0 0.4951923076923077 0.5288461538461539 0.06610576923076916 0.08653846153846151
6 0.38341346153846156 0.5480769230769231 0.06730769230769229 0.09014423076923073
6 0.30528846153846156 0.5901442307692307 0.07692307692307687 0.09855769230769229
6 0.20673076923076933 0.2548076923076923 0.06971153846153844 0.10576923076923075
6 0.1298076923076923 0.21754807692307693 0.05649038461538458 0.07692307692307696
6 0.07451923076923078 0.22956730769230768 0.07451923076923073 0.10336538461538464
6 0.38221153846153844 0.22596153846153846 0.0625 0.10096153846153849
6 0.29567307692307687 0.2548076923076923 0.06129807692307687 0.078125
6 0.24999999999999994 0.24759615384615385 0.034855769230769273 0.0324519230769231
6 0.7223557692307693 0.6526442307692307 0.06730769230769229 0.1358173076923077
6 0.6911057692307693 0.203125 0.05168269230769229 0.08173076923076925
6 0.6490384615384615 0.17067307692307693 0.043269230769230727 0.06370192307692307
6 0.6394230769230769 0.2776442307692307 0.046875 0.08413461538461536
6 0.5913461538461539 0.22716346153846154 0.04567307692307687 0.07932692307692307
6 0.5204326923076923 0.25841346153846156 0.04326923076923084 0.06971153846153849
6 0.46033653846153844 0.25600961538461536 0.04567307692307687 0.07331730769230771
6 0.4447115384615385 0.21274038461538464 0.027644230769230727 0.05168269230769232
5 0.8209134615384616 0.41586538461538464 0.10096153846153855 0.24879807692307698
5 0.7259615384615384 0.44350961538461536 0.08293269230769229 0.21995192307692302
5 0.6322115384615384 0.46875 0.09855769230769229 0.23076923076923084
5 0.5384615384615384 0.4591346153846154 0.08774038461538458 0.24399038461538464
5 0.4579326923076923 0.44471153846153844 0.09375 0.24399038461538458
5 0.375 0.4098557692307692 0.09375 0.20192307692307698
5 0.2860576923076923 0.43870192307692313 0.08413461538461542 0.20312500000000006
5 0.19471153846153844 0.5012019230769231 0.12379807692307687 0.3221153846153846
5 0.078125 0.5096153846153846 0.14663461538461542 0.3545673076923077
5 0.6069711538461539 0.7536057692307693 0.11778846153846145 0.26442307692307687
5 0.49759615384615385 0.7163461538461539 0.12379807692307687 0.2079326923076923
5 0.3798076923076923 0.7379807692307693 0.11538461538461542 0.2139423076923077
5 0.2716346153846154 0.8425480769230769 0.140625 0.3125
3 0.8221153846153846 0.5697115384615384 0.13942307692307698 0.7980769230769231
3 0.734375 0.5949519230769231 0.109375 0.7692307692307692
3 0.6334134615384616 0.4579326923076923 0.09855769230769229 0.40264423076923084
3 0.609375 0.7319711538461539 0.13100961538461542 0.43870192307692313
3 0.49158653846153844 0.7259615384615385 0.13221153846153855 0.4879807692307693
3 0.3786057692307692 0.7331730769230769 0.11778846153846156 0.46153846153846156
3 0.2752403846153846 0.7644230769230769 0.14663461538461542 0.4627403846153846
3 0.19951923076923073 0.5985576923076923 0.11057692307692313 0.7848557692307692
3 0.06971153846153844 0.5901442307692307 0.1298076923076923 0.8088942307692306
3 0.13221153846153838 0.2800480769230769 0.06610576923076927 0.17067307692307696
3 0.6899038461538461 0.24639423076923078 0.05528846153846145 0.14182692307692304
3 0.6478365384615384 0.19711538461538464 0.04807692307692313 0.11778846153846156
3 0.5925480769230769 0.27524038461538464 0.055288461538461564 0.15985576923076925
3 0.5348557692307692 0.2127403846153846 0.05288461538461531 0.10096153846153849
