6 0.5348557692307693 0.9050480769230769 0.09855769230769229 0.07331730769230771
4 0.5276442307692307 0.48197115384615385 0.046875 0.04567307692307687
3 0.6802884615384616 0.4098557692307693 0.3641826923076923 0.07932692307692313
3 0.6862980769230769 0.4759615384615384 0.34735576923076916 0.08173076923076927
3 0.5745192307692306 0.5432692307692307 0.13701923076923073 0.05288461538461542
3 0.7283653846153846 0.5829326923076923 0.5216346153846154 0.15024038461538458
3 0.6995192307692307 0.7644230769230769 0.53125 0.14182692307692302
3 0.7391826923076923 0.8966346153846154 0.4903846153846154 0.10576923076923073
3 0.6658653846153846 0.8846153846153846 0.4314903846153846 0.09855769230769229
2 0.4939903846153846 0.765625 0.11538461538461536 0.06610576923076927
2 0.5096153846153846 0.4122596153846154 0.04326923076923078 0.03125
2 0.5324519230769231 0.5552884615384615 0.043269230769230727 0.027644230769230727
2 0.5216346153846154 0.6177884615384616 0.12139423076923078 0.078125
