7 0.33052884615384615 0.4254807692307692 0.07692307692307687 0.0625
7 0.5096153846153846 0.43149038461538464 0.0516826923076924 0.06730769230769229
0 0.8954326923076923 0.46274038461538464 0.06850961538461542 0.06730769230769229
7 0.9543269230769231 0.46634615384615385 0.08653846153846156 0.10456730769230771
5 0.5132211538461539 0.5841346153846154 0.11057692307692313 0.20913461538461542
5 0.33052884615384615 0.6069711538461539 0.12620192307692313 0.2427884615384615
3 0.8798076923076923 0.6502403846153846 0.109375 0.467548076923077
3 0.5216346153846154 0.6730769230769231 0.109375 0.546875
3 0.3341346153846155 0.6875 0.16346153846153844 0.5901442307692308
5 0.9278846153846154 0.7019230769230769 0.1298076923076924 0.3329326923076923
