7 0.07211538461538453 0.2019230769230769 0.10817307692307698 0.13581730769230765
7 0.2824519230769232 0.2644230769230769 0.07932692307692302 0.06971153846153844
7 0.9314903846153846 0.2692307692307692 0.09254807692307698 0.08894230769230771
5 0.050480769230769273 0.39903846153846156 0.09855769230769229 0.3076923076923077
5 0.5396634615384616 0.4074519230769231 0.1826923076923077 0.373798076923077
5 0.25721153846153844 0.46995192307692313 0.1298076923076923 0.2560096153846154
5 0.9459134615384616 0.4735576923076923 0.09855769230769229 0.265625
3 0.09014423076923073 0.5096153846153846 0.17788461538461542 0.7752403846153846
3 0.5144230769230769 0.5324519230769231 0.27403846153846156 0.9326923076923077
3 0.2608173076923077 0.5444711538461539 0.15985576923076916 0.7175480769230769
3 0.9254807692307692 0.5600961538461539 0.1250000000000001 0.6766826923076923
7 0.5048076923076923 0.13942307692307693 0.11298076923076916 0.13701923076923078
