4 0.38461538461538464 0.8401442307692308 0.06730769230769229 0.07692307692307698
4 0.4519230769230769 0.6875 0.046875 0.04326923076923084
4 0.43629807692307687 0.6682692307692307 0.03725961538461536 0.03605769230769229
4 0.43028846153846156 0.4206730769230769 0.03485576923076922 0.043269230769230727
4 0.4495192307692307 0.3509615384615384 0.04807692307692307 0.050480769230769273
6 0.43990384615384615 0.765625 0.04807692307692307 0.05048076923076916
6 0.4519230769230769 0.5913461538461539 0.038461538461538436 0.03605769230769229
6 0.4338942307692307 0.5144230769230769 0.03725961538461536 0.043269230769230727
6 0.43509615384615385 0.26081730769230776 0.04807692307692307 0.058894230769230727
6 0.43990384615384615 0.16225961538461536 0.04206730769230771 0.06610576923076927
3 0.6442307692307693 0.8665865384615384 0.6081730769230769 0.14182692307692313
3 0.6346153846153846 0.7644230769230769 0.4314903846153846 0.10817307692307698
3 0.6213942307692308 0.6911057692307692 0.3942307692307693 0.08653846153846156
3 0.5925480769230769 0.6514423076923077 0.37139423076923084 0.06610576923076916
3 0.5961538461538461 0.592548076923077 0.3365384615384615 0.08293269230769229
3 0.5865384615384616 0.5168269230769231 0.3641826923076923 0.08413461538461542
3 0.5925480769230769 0.42668269230769235 0.37139423076923084 0.09014423076923073
3 0.6045673076923077 0.33894230769230765 0.390625 0.09735576923076927
3 0.6213942307692307 0.2596153846153846 0.45432692307692313 0.09975961538461542
3 0.6526442307692307 0.15985576923076927 0.48557692307692313 0.14663461538461542
