6 0.4002403846153845 0.7115384615384617 0.11778846153846156 0.10576923076923073
1 0.40865384615384615 0.6658653846153846 0.07692307692307687 0.034855769230769273
5 0.8461538461538461 0.5060096153846154 0.12019230769230771 0.1514423076923076
5 0.6646634615384616 0.4807692307692307 0.10817307692307687 0.21995192307692313
5 0.5805288461538461 0.46754807692307687 0.06971153846153855 0.17548076923076916
5 0.751201923076923 0.4567307692307693 0.09855769230769229 0.15504807692307687
5 0.39903846153846156 0.43509615384615385 0.28004807692307687 0.3076923076923077
3 0.8521634615384616 0.38822115384615385 0.1514423076923077 0.5733173076923077
3 0.7512019230769231 0.3870192307692307 0.11298076923076927 0.48557692307692313
3 0.37259615384615385 0.3858173076923077 0.36057692307692313 0.7620192307692308
3 0.6694711538461539 0.37740384615384615 0.11057692307692313 0.5949519230769231
