6 0.3185096153846154 0.7451923076923077 0.06370192307692307 0.0625
6 0.33653846153846156 0.4110576923076923 0.06129807692307693 0.07211538461538458
6 0.34375 0.5612980769230769 0.08173076923076922 0.0625
6 0.344951923076923 0.9375 0.05288461538461536 0.05649038461538458
6 0.36177884615384615 0.2512019230769231 0.09254807692307693 0.11298076923076927
6 0.40384615384615385 0.6598557692307692 0.10817307692307693 0.109375
3 0.5168269230769231 0.9278846153846154 0.4423076923076923 0.11418269230769229
3 0.5336538461538461 0.7487980769230769 0.5552884615384615 0.1454326923076924
3 0.5853365384615384 0.5600961538461539 0.5865384615384615 0.14182692307692313
3 0.5925480769230769 0.4182692307692307 0.6177884615384617 0.16586538461538458
3 0.6538461538461539 0.24759615384615385 0.6730769230769231 0.13942307692307687
3 0.6742788461538461 0.6574519230769231 0.6394230769230769 0.1814903846153847
