2 0.4495192307692307 0.6322115384615384 0.08413461538461536 0.04807692307692313
2 0.4639423076923077 0.22956730769230768 0.08774038461538458 0.05649038461538464
2 0.47596153846153844 0.5793269230769231 0.08173076923076922 0.043269230769230727
2 0.47716346153846156 0.359375 0.07331730769230771 0.03485576923076922
2 0.483173076923077 0.44951923076923084 0.07932692307692313 0.04567307692307693
2 0.4891826923076923 0.09615384615384617 0.08173076923076922 0.042067307692307696
2 0.49278846153846156 0.13942307692307693 0.09735576923076922 0.05168269230769229
2 0.4939903846153846 0.2692307692307692 0.06850961538461536 0.046875
2 0.4951923076923077 0.31129807692307687 0.078125 0.03485576923076922
3 0.6346153846153846 0.5841346153846154 0.4266826923076923 0.08894230769230771
3 0.6574519230769231 0.3786057692307692 0.4002403846153846 0.10456730769230771
3 0.6598557692307693 0.06850961538461539 0.46754807692307687 0.08653846153846154
3 0.6682692307692306 0.6550480769230769 0.4963942307692307 0.10336538461538458
3 0.6706730769230769 0.4579326923076923 0.438701923076923 0.11899038461538458
3 0.6778846153846154 0.3125 0.4110576923076923 0.05649038461538464
3 0.6983173076923077 0.24278846153846154 0.5372596153846154 0.07211538461538464
3 0.7223557692307693 0.1466346153846154 0.5504807692307694 0.140625
