5 0.13221153846153846 0.5817307692307692 0.18629807692307693 0.4182692307692307
5 0.26322115384615385 0.6225961538461539 0.1706730769230769 0.4014423076923077
5 0.4254807692307693 0.6165865384615384 0.17668269230769235 0.4579326923076923
5 0.5480769230769231 0.5793269230769231 0.1298076923076923 0.3689903846153846
5 0.6862980769230769 0.6033653846153846 0.17307692307692302 0.4423076923076923
5 0.8846153846153846 0.4338942307692308 0.22836538461538458 0.373798076923077
3 0.12620192307692307 0.6262019230769231 0.20432692307692307 0.7235576923076923
3 0.2596153846153847 0.640625 0.17668269230769235 0.671875
3 0.39903846153846156 0.6213942307692307 0.171875 0.7295673076923077
3 0.5492788461538461 0.5949519230769231 0.11778846153846151 0.6105769230769231
3 0.6706730769230769 0.625 0.17548076923076916 0.7091346153846154
3 0.875 0.5432692307692307 0.22475961538461542 0.8401442307692306
2 0.15264423076923078 0.3185096153846153 0.10817307692307693 0.12379807692307693
2 0.2860576923076923 0.360576923076923 0.09375 0.13100961538461536
2 0.4375 0.3161057692307692 0.09975961538461542 0.13221153846153844
2 0.5612980769230769 0.34975961538461536 0.06971153846153844 0.10456730769230771
2 0.6790865384615384 0.31971153846153844 0.08293269230769229 0.12139423076923078
2 0.8762019230769231 0.1814903846153846 0.09495192307692302 0.12139423076923078
