2 0.8605769230769231 0.3076923076923077 0.07211538461538461 0.11298076923076923
2 0.3473557692307692 0.3389423076923077 0.055288461538461536 0.109375
2 0.5168269230769231 0.3545673076923077 0.05048076923076923 0.09375
2 0.6598557692307693 0.3629807692307692 0.055288461538461536 0.0889423076923077
2 0.22355769230769232 0.36778846153846156 0.05048076923076923 0.09735576923076923
2 0.07572115384615384 0.36899038461538464 0.055288461538461536 0.09975961538461539
3 0.6658653846153846 0.5793269230769231 0.15625 0.5348557692307693
3 0.2403846153846154 0.5817307692307693 0.14182692307692307 0.5324519230769231
3 0.3581730769230769 0.5925480769230769 0.16826923076923078 0.5973557692307693
3 0.5348557692307693 0.5949519230769231 0.15625 0.5817307692307693
3 0.08774038461538461 0.6177884615384616 0.16346153846153846 0.6045673076923077