6 0.48197115384615385 0.24519230769230768 0.08653846153846154 0.08173076923076923
1 0.47596153846153844 0.27884615384615385 0.052884615384615384 0.030048076923076924
7 0.3004807692307692 0.31490384615384615 0.06971153846153846 0.0733173076923077
7 0.65625 0.3329326923076923 0.06850961538461539 0.06610576923076923
1 0.2956730769230769 0.3581730769230769 0.057692307692307696 0.025240384615384616
1 0.6550480769230769 0.37259615384615385 0.05048076923076923 0.030048076923076924
5 0.4855769230769231 0.46153846153846156 0.14423076923076922 0.2800480769230769
5 0.29086538461538464 0.5336538461538461 0.14423076923076922 0.2704326923076923
5 0.6658653846153846 0.5504807692307693 0.13942307692307693 0.27163461538461536
3 0.48677884615384615 0.5865384615384616 0.20192307692307693 0.7920673076923077
3 0.27884615384615385 0.6177884615384616 0.23557692307692307 0.7451923076923077
3 0.6850961538461539 0.6262019230769231 0.21754807692307693 0.6935096153846154