6 0.29447115384615385 0.19951923076923078 0.15504807692307693 0.21153846153846154
6 0.9651442307692307 0.2127403846153846 0.06610576923076923 0.15985576923076922
1 0.6394230769230769 0.22596153846153846 0.11899038461538461 0.07692307692307693
6 0.921875 0.2403846153846154 0.09735576923076923 0.1814903846153846
1 0.30288461538461536 0.2776442307692308 0.10336538461538461 0.052884615384615384
6 0.4807692307692308 0.28125 0.15264423076923078 0.234375
1 0.9146634615384616 0.31971153846153844 0.07932692307692307 0.06610576923076923
1 0.4699519230769231 0.39903846153846156 0.10096153846153846 0.04807692307692308
3 0.671875 0.5060096153846154 0.27524038461538464 0.984375
5 0.13701923076923078 0.5372596153846154 0.2620192307692308 0.6237980769230769
3 0.28846153846153844 0.5372596153846154 0.14182692307692307 0.9098557692307693
3 0.9387019230769231 0.5637019230769231 0.1201923076923077 0.8713942307692307
3 0.8473557692307693 0.5637019230769231 0.21875 0.8689903846153846
3 0.46033653846153844 0.5793269230769231 0.22596153846153846 0.8293269230769231
5 0.6658653846153846 0.6598557692307693 0.2548076923076923 0.6778846153846154
5 0.8353365384615384 0.6826923076923077 0.1045673076923077 0.625
5 0.44711538461538464 0.7115384615384616 0.24278846153846154 0.5733173076923077
5 0.9338942307692307 0.7259615384615384 0.12980769230769232 0.5456730769230769
5 0.30288461538461536 0.8028846153846154 0.1045673076923077 0.30288461538461536
6 0.1346153846153846 0.8401442307692307 0.15144230769230768 0.265625
6 0.6322115384615384 0.11538461538461539 0.16706730769230768 0.19110576923076922
2 0.1622596153846154 0.13581730769230768 0.12139423076923077 0.25