6 0.44350961538461536 0.359375 0.39903846153846156 0.4098557692307692
4 0.14543269230769232 0.6442307692307693 0.12139423076923077 0.1310096153846154
4 0.8221153846153846 0.6850961538461539 0.051682692307692304 0.07692307692307693
4 0.6298076923076923 0.6995192307692307 0.040865384615384616 0.04567307692307692
4 0.7115384615384616 0.7103365384615384 0.03485576923076923 0.04567307692307692
4 0.27884615384615385 0.7127403846153846 0.042067307692307696 0.051682692307692304
4 0.2536057692307692 0.7079326923076923 0.025240384615384616 0.037259615384615384
4 0.19951923076923078 0.7223557692307693 0.040865384615384616 0.056490384615384616
4 0.22596153846153846 0.7139423076923077 0.027644230769230768 0.056490384615384616
4 0.5769230769230769 0.7139423076923077 0.037259615384615384 0.056490384615384616
4 0.7512019230769231 0.6862980769230769 0.04326923076923077 0.06129807692307692
4 0.8533653846153846 0.6706730769230769 0.025240384615384616 0.037259615384615384
4 0.8762019230769231 0.6911057692307693 0.026442307692307692 0.037259615384615384
4 0.8990384615384616 0.6947115384615384 0.02403846153846154 0.05048076923076923
4 0.9038461538461539 0.6790865384615384 0.016826923076923076 0.030048076923076924
4 0.9795673076923077 0.6887019230769231 0.03485576923076923 0.04807692307692308
6 0.009615384615384616 0.6899038461538461 0.019230769230769232 0.030048076923076924
4 0.007211538461538462 0.6730769230769231 0.014423076923076924 0.016826923076923076
3 0.43509615384615385 0.5721153846153846 0.4266826923076923 0.8197115384615384
3 0.12860576923076922 0.7896634615384616 0.20432692307692307 0.4170673076923077
3 0.21394230769230768 0.8052884615384616 0.08173076923076923 0.22355769230769232
3 0.2860576923076923 0.7824519230769231 0.05889423076923077 0.21153846153846154
3 0.8269230769230769 0.8161057692307693 0.0625 0.33774038461538464
3 0.9747596153846154 0.8209134615384616 0.04326923076923077 0.3389423076923077
3 0.9290865384615384 0.8028846153846154 0.04807692307692308 0.2620192307692308
3 0.7175480769230769 0.8341346153846154 0.06610576923076923 0.28846153846153844
3 0.765625 0.8365384615384616 0.07211538461538461 0.2860576923076923
3 0.6742788461538461 0.8112980769230769 0.04807692307692308 0.2512019230769231
3 0.6346153846153846 0.8052884615384616 0.06129807692307692 0.2644230769230769
3 0.5853365384615384 0.7872596153846154 0.06971153846153846 0.21153846153846154
3 0.8870192307692307 0.8149038461538461 0.040865384615384616 0.2860576923076923