4 0.09014423076923077 0.6021634615384616 0.027644230769230768 0.042067307692307696
3 0.10096153846153846 0.7067307692307693 0.05889423076923077 0.2439903846153846
3 0.21153846153846154 0.6213942307692307 0.0673076923076923 0.23918269230769232
3 0.27163461538461536 0.5697115384615384 0.06370192307692307 0.25721153846153844
3 0.3786057692307692 0.4387019230769231 0.08774038461538461 0.19831730769230768
3 0.4230769230769231 0.75 0.10576923076923077 0.19110576923076922
3 0.7307692307692307 0.33413461538461536 0.0673076923076923 0.19951923076923078
3 0.7944711538461539 0.4326923076923077 0.0673076923076923 0.22235576923076922
3 0.8870192307692307 0.7283653846153846 0.078125 0.23918269230769232
3 0.6346153846153846 0.8653846153846154 0.07932692307692307 0.15144230769230768
2 0.27163461538461536 0.4675480769230769 0.03485576923076923 0.037259615384615384
2 0.890625 0.6478365384615384 0.03485576923076923 0.038461538461538464
2 0.7355769230769231 0.25600961538461536 0.025240384615384616 0.027644230769230768