6 0.6971153846153846 0.24278846153846154 0.0829326923076923 0.07932692307692307
6 0.04326923076923077 0.25 0.07932692307692307 0.078125
6 0.2956730769230769 0.27403846153846156 0.08653846153846154 0.07451923076923077
6 0.4963942307692308 0.2776442307692308 0.07451923076923077 0.07451923076923077
5 0.9230769230769231 0.3449519230769231 0.1502403846153846 0.3245192307692308
5 0.5096153846153846 0.44591346153846156 0.1502403846153846 0.24879807692307693
5 0.3076923076923077 0.4519230769230769 0.15625 0.2776442307692308
5 0.6995192307692307 0.4543269230769231 0.14423076923076922 0.2668269230769231
3 0.9026442307692307 0.5048076923076923 0.18269230769230768 0.8341346153846154
3 0.5144230769230769 0.5396634615384616 0.1658653846153846 0.6045673076923077
3 0.6971153846153846 0.5432692307692307 0.16346153846153846 0.6875
3 0.3088942307692308 0.5456730769230769 0.18028846153846154 0.6706730769230769
3 0.0829326923076923 0.5480769230769231 0.15264423076923078 0.6766826923076923
6 0.8918269230769231 0.13341346153846154 0.09975961538461539 0.10096153846153846