3 0.1814903846153846 0.5673076923076923 0.21995192307692307 0.84375
3 0.8112980769230769 0.4699519230769231 0.27163461538461536 0.6802884615384616
3 0.9038461538461539 0.3942307692307692 0.13942307692307693 0.5901442307692307
3 0.9555288461538461 0.1814903846153846 0.0829326923076923 0.3125
5 0.1814903846153846 0.40865384615384615 0.15745192307692307 0.3137019230769231
5 0.7848557692307693 0.2776442307692308 0.140625 0.15625
5 0.9026442307692307 0.3401442307692308 0.14423076923076922 0.2848557692307692
5 0.9603365384615384 0.16706730769230768 0.07692307692307693 0.1502403846153846
6 0.2439903846153846 0.20673076923076922 0.07692307692307693 0.1346153846153846
6 0.7259615384615384 0.17067307692307693 0.08173076923076923 0.08653846153846154
6 0.9158653846153846 0.1502403846153846 0.06850961538461539 0.09254807692307693
7 0.9555288461538461 0.04927884615384615 0.04807692307692308 0.042067307692307696