5 0.07091346153846154 0.47836538461538464 0.14182692307692307 0.23317307692307693
5 0.4014423076923077 0.4807692307692308 0.1778846153846154 0.2848557692307692
5 0.8040865384615384 0.2439903846153846 0.27403846153846156 0.3004807692307692
5 0.5961538461538461 0.5072115384615384 0.1045673076923077 0.14423076923076922
4 0.13942307692307693 0.3629807692307692 0.0625 0.078125
4 0.5192307692307693 0.27283653846153844 0.11778846153846154 0.13942307692307693
3 0.08533653846153846 0.53125 0.17067307692307693 0.41586538461538464
3 0.30288461538461536 0.6754807692307693 0.12980769230769232 0.19831730769230768
3 0.43990384615384615 0.5 0.2704326923076923 0.5721153846153846
3 0.5961538461538461 0.5408653846153846 0.15144230769230768 0.4519230769230769
3 0.7980769230769231 0.38100961538461536 0.40024038461538464 0.6153846153846154