4 0.1346153846153846 0.3245192307692308 0.06129807692307692 0.06850961538461539
4 0.24639423076923078 0.35697115384615385 0.055288461538461536 0.055288461538461536
4 0.36177884615384615 0.3317307692307692 0.051682692307692304 0.04567307692307692
4 0.4387019230769231 0.3473557692307692 0.04567307692307692 0.04567307692307692
4 0.5949519230769231 0.35697115384615385 0.042067307692307696 0.038461538461538464
4 0.6935096153846154 0.34975961538461536 0.027644230769230768 0.040865384615384616
4 0.9170673076923077 0.2800480769230769 0.052884615384615384 0.052884615384615384
6 0.7175480769230769 0.35216346153846156 0.051682692307692304 0.055288461538461536
3 0.12980769230769232 0.5805288461538461 0.125 0.5865384615384616
3 0.24519230769230768 0.5685096153846154 0.11538461538461539 0.4855769230769231
3 0.3425480769230769 0.5456730769230769 0.08173076923076923 0.4891826923076923
3 0.4411057692307692 0.53125 0.11899038461538461 0.41225961538461536
3 0.5961538461538461 0.5252403846153846 0.1141826923076923 0.41586538461538464
3 0.7379807692307693 0.5492788461538461 0.11899038461538461 0.4362980769230769
3 0.6766826923076923 0.5072115384615384 0.052884615384615384 0.3401442307692308
3 0.9134615384615384 0.5120192307692307 0.125 0.5204326923076923