5 0.2079326923076923 0.40024038461538464 0.24999999999999997 0.23076923076923073
5 0.38701923076923084 0.35697115384615385 0.18870192307692307 0.1766826923076923
5 0.5733173076923077 0.3377403846153847 0.19711538461538458 0.15745192307692307
5 0.7259615384615383 0.4939903846153847 0.3653846153846153 0.31370192307692313
6 0.22596153846153846 0.21514423076923078 0.14423076923076922 0.08653846153846156
3 0.1923076923076923 0.5048076923076923 0.23437499999999997 0.6754807692307692
3 0.3810096153846153 0.43028846153846156 0.17788461538461536 0.5120192307692306
3 0.5817307692307693 0.38341346153846156 0.20913461538461542 0.45192307692307687
3 0.7175480769230769 0.5721153846153846 0.3485576923076923 0.7091346153846154
1 0.23677884615384615 0.24879807692307693 0.08894230769230771 0.02524038461538461
