1 0.625 0.33413461538461536 0.07211538461538461 0.07932692307692307
1 0.49399038461538464 0.26322115384615385 0.07451923076923077 0.06971153846153846
5 0.3401442307692308 0.7079326923076923 0.21394230769230768 0.5625
5 0.5060096153846154 0.5901442307692307 0.13701923076923078 0.5360576923076923
5 0.6466346153846154 0.7103365384615384 0.21394230769230768 0.5697115384615384
5 0.8557692307692307 0.6802884615384616 0.2548076923076923 0.6105769230769231
3 0.3401442307692308 0.6045673076923077 0.23557692307692307 0.7463942307692307
3 0.4963942307692308 0.5637019230769231 0.16105769230769232 0.8701923076923077
3 0.6466346153846154 0.6033653846153846 0.21394230769230768 0.7908653846153846
3 0.828125 0.5300480769230769 0.29086538461538464 0.8918269230769231
2 0.39302884615384615 0.31850961538461536 0.11778846153846154 0.19230769230769232
2 0.4807692307692308 0.21754807692307693 0.10817307692307693 0.1658653846153846
2 0.6394230769230769 0.3088942307692308 0.11538461538461539 0.18269230769230768
2 0.7716346153846154 0.22235576923076922 0.14423076923076922 0.25