3 0.2091346153846154 0.7271634615384615 0.07451923076923078 0.13221153846153844
3 0.344951923076923 0.8293269230769231 0.08173076923076922 0.1358173076923077
3 0.1622596153846154 0.4423076923076923 0.06610576923076922 0.07211538461538458
3 0.24759615384615385 0.3581730769230769 0.03605769230769229 0.10096153846153844
3 0.28846153846153844 0.359375 0.05288461538461536 0.10576923076923078
4 0.22596153846153844 0.6754807692307693 0.024038461538461536 0.02043269230769229
4 0.34615384615384615 0.78125 0.024038461538461564 0.027644230769230727
4 0.17067307692307693 0.41947115384615385 0.015625 0.02043269230769229
4 0.24639423076923078 0.32572115384615385 0.0168269230769231 0.016826923076923073
4 0.2848557692307692 0.32091346153846156 0.015625 0.014423076923076927
