3 0.7379807692307693 0.5600961538461539 0.5048076923076923 0.8425480769230769
3 0.4230769230769231 0.5793269230769231 0.23557692307692302 0.373798076923077
3 0.2439903846153846 0.5637019230769231 0.12860576923076922 0.2115384615384615
3 0.13942307692307693 0.5300480769230769 0.0877403846153846 0.11778846153846151
3 0.07211538461538461 0.5060096153846154 0.055288461538461536 0.09014423076923078
3 0.040865384615384616 0.5 0.051682692307692304 0.078125
3 0.2980769230769231 0.5012019230769231 0.038461538461538436 0.10576923076923078
3 0.26802884615384615 0.49278846153846156 0.030048076923076927 0.09375
3 0.5240384615384616 0.5228365384615384 0.05048076923076922 0.11778846153846151
2 0.6201923076923077 0.266826923076923 0.20913461538461542 0.24519230769230765
2 0.4014423076923077 0.46634615384615385 0.12139423076923078 0.15504807692307687
2 0.21754807692307693 0.4963942307692308 0.055288461538461536 0.07932692307692302
2 0.11778846153846154 0.4963942307692308 0.04567307692307693 0.06370192307692302
2 0.28966346153846156 0.4783653846153847 0.030048076923076927 0.05649038461538464
