0 0.390625 0.20192307692307693 0.07211538461538458 0.11418269230769229
0 0.47716346153846156 0.5805288461538461 0.08293269230769229 0.17067307692307687
0 0.5528846153846154 0.2403846153846154 0.06730769230769229 0.07932692307692307
0 0.6862980769230769 0.21033653846153844 0.07331730769230771 0.12019230769230768
4 0.4627403846153846 0.19951923076923078 0.07812499999999994 0.09014423076923075
3 0.4158653846153847 0.7331730769230769 0.23918269230769235 0.4759615384615384
3 0.33653846153846156 0.4110576923076923 0.1838942307692308 0.5504807692307692
3 0.4627403846153847 0.3389423076923077 0.11418269230769235 0.37860576923076916
3 0.38100961538461536 0.4026442307692307 0.06971153846153844 0.29206730769230765
3 0.5564903846153846 0.28966346153846156 0.09254807692307698 0.2043269230769231
3 0.6875 0.25841346153846156 0.11298076923076927 0.2487980769230769
