7 0.11057692307692307 0.2403846153846154 0.025240384615384616 0.03245192307692308
4 0.6262019230769231 0.3641826923076923 0.07692307692307693 0.07211538461538461
4 0.16346153846153846 0.3557692307692308 0.09495192307692307 0.11538461538461539
4 0.046875 0.25240384615384615 0.03125 0.030048076923076924
0 0.3317307692307692 0.4026442307692308 0.078125 0.10096153846153846
0 0.25 0.2776442307692308 0.021634615384615384 0.02403846153846154
0 0.20072115384615385 0.2800480769230769 0.020432692307692308 0.025240384615384616
0 0.734375 0.38100961538461536 0.0625 0.08173076923076923
0 0.8185096153846154 0.3641826923076923 0.0625 0.06850961538461539
0 0.5516826923076923 0.5384615384615384 0.037259615384615384 0.057692307692307696
3 0.11538461538461539 0.6478365384615384 0.19831730769230768 0.6887019230769231
3 0.33413461538461536 0.6730769230769231 0.18629807692307693 0.6514423076923077
3 0.6177884615384616 0.6165865384615384 0.11778846153846154 0.5769230769230769
3 0.7536057692307693 0.5853365384615384 0.15985576923076922 0.5048076923076923
3 0.8269230769230769 0.5516826923076923 0.10817307692307693 0.46274038461538464
3 0.5456730769230769 0.59375 0.08173076923076923 0.1875
3 0.2548076923076923 0.34975961538461536 0.0625 0.1778846153846154
3 0.19831730769230768 0.3605769230769231 0.046875 0.18629807692307693
3 0.10576923076923077 0.3161057692307692 0.06610576923076923 0.16706730769230768
3 0.039663461538461536 0.3269230769230769 0.06129807692307692 0.1778846153846154