2 0.9447115384615384 0.2620192307692308 0.09855769230769229 0.1875
2 0.5120192307692307 0.2860576923076923 0.08653846153846151 0.140625
2 0.7716346153846154 0.3016826923076923 0.0625 0.10336538461538458
2 0.09375 0.3161057692307692 0.1033653846153846 0.15625
2 0.5925480769230769 0.3533653846153847 0.03725961538461542 0.07451923076923078
2 0.640625 0.35576923076923084 0.046875 0.08774038461538464
3 0.6490384615384615 0.5540865384615384 0.09014423076923073 0.48317307692307687
3 0.9158653846153846 0.5817307692307693 0.16346153846153844 0.8329326923076923
3 0.7740384615384616 0.5913461538461539 0.16225961538461542 0.6947115384615385
3 0.48197115384615385 0.5961538461538461 0.2572115384615385 0.7884615384615385
3 0.11899038461538461 0.6141826923076923 0.20913461538461536 0.7596153846153846
