5 0.53125 0.6971153846153846 0.18149038461538458 0.3485576923076923
5 0.7295673076923077 0.5372596153846154 0.09975961538461542 0.17788461538461542
5 0.8161057692307693 0.7367788461538461 0.12379807692307687 0.28004807692307687
6 0.5384615384615383 0.4435096153846154 0.07451923076923073 0.10336538461538464
6 0.7223557692307694 0.4122596153846153 0.050480769230769273 0.06610576923076922
6 0.8137019230769231 0.5216346153846154 0.08894230769230771 0.109375
6 0.8401442307692307 0.46153846153846156 0.04086538461538458 0.05769230769230771
3 0.5324519230769231 0.6923076923076923 0.20913461538461542 0.6129807692307692
3 0.7235576923076923 0.6286057692307693 0.125 0.5480769230769231
3 0.8016826923076923 0.6911057692307693 0.15024038461538458 0.5216346153846154
