3 0.24639423076923078 0.5588942307692307 0.24879807692307696 0.6526442307692306
3 0.7439903846153846 0.5925480769230769 0.21274038461538458 0.6658653846153846
3 0.5276442307692307 0.6730769230769231 0.07692307692307687 0.17548076923076916
5 0.23557692307692304 0.5036057692307693 0.13581730769230765 0.22475961538461542
5 0.7415865384615384 0.5396634615384616 0.12620192307692313 0.31370192307692313
5 0.5252403846153846 0.6682692307692307 0.04807692307692313 0.08293269230769229
5 0.9591346153846154 0.8846153846153846 0.078125 0.058894230769230727
7 0.22956730769230768 0.3545673076923077 0.08173076923076922 0.08413461538461542
7 0.7199519230769231 0.3185096153846154 0.09254807692307698 0.10576923076923078
7 0.9591346153846154 0.8197115384615384 0.043269230769230727 0.05769230769230771
