7 0.6730769230769231 0.2920673076923077 0.125 0.11538461538461542
6 0.27403846153846156 0.296875 0.13100961538461542 0.11298076923076925
7 0.13942307692307693 0.2980769230769231 0.12860576923076922 0.125
7 0.4951923076923077 0.3557692307692307 0.11538461538461542 0.11298076923076922
1 0.2824519230769231 0.35817307692307687 0.06730769230769229 0.04807692307692307
5 0.25721153846153844 0.5228365384615384 0.13461538461538458 0.1802884615384615
3 0.6634615384615384 0.6129807692307693 0.24038461538461542 0.7716346153846154
3 0.280048076923077 0.6165865384615384 0.19711538461538464 0.7608173076923077
3 0.47115384615384615 0.6370192307692307 0.20192307692307687 0.7175480769230769
5 0.6634615384615384 0.6622596153846154 0.20432692307692313 0.4591346153846154
5 0.11057692307692307 0.6682692307692307 0.21274038461538458 0.4615384615384615
5 0.46754807692307687 0.6694711538461537 0.19350961538461536 0.31971153846153844
