4 0.05889423076923077 0.7632211538461539 0.051682692307692304 0.06370192307692307
7 0.14423076923076922 0.4387019230769231 0.046875 0.04807692307692308
7 0.7091346153846154 0.4338942307692308 0.04807692307692308 0.05889423076923077
7 0.8942307692307693 0.5649038461538461 0.042067307692307696 0.0733173076923077
7 0.9711538461538461 0.46274038461538464 0.04807692307692308 0.06850961538461539
7 0.21875 0.13701923076923078 0.027644230769230768 0.037259615384615384
7 0.2403846153846154 0.1778846153846154 0.021634615384615384 0.026442307692307692
7 0.11538461538461539 0.22596153846153846 0.038461538461538464 0.038461538461538464
3 0.04927884615384615 0.8317307692307693 0.0985576923076923 0.22355769230769232
3 0.1622596153846154 0.5612980769230769 0.1201923076923077 0.3293269230769231
3 0.25721153846153844 0.21754807692307693 0.0625 0.13942307692307693
3 0.6923076923076923 0.5637019230769231 0.12139423076923077 0.33653846153846156
3 0.8293269230769231 0.6526442307692307 0.16706730769230768 0.24879807692307693
3 0.9471153846153846 0.5288461538461539 0.09495192307692307 0.21153846153846154
3 0.2608173076923077 0.22235576923076922 0.07211538461538461 0.13221153846153846
3 0.21875 0.20072115384615385 0.040865384615384616 0.17668269230769232
3 0.11298076923076923 0.296875 0.0673076923076923 0.1875