3 0.12860576923076922 0.5745192307692307 0.23798076923076922 0.7427884615384616
3 0.31971153846153844 0.5240384615384616 0.22596153846153846 0.8425480769230769
3 0.4831730769230769 0.5877403846153846 0.17668269230769232 0.7848557692307693
3 0.6887019230769231 0.5504807692307693 0.21514423076923078 0.796875
3 0.8016826923076923 0.7139423076923077 0.31850961538461536 0.5528846153846154
5 0.12620192307692307 0.6081730769230769 0.22956730769230768 0.47836538461538464
5 0.31009615384615385 0.5372596153846154 0.22596153846153846 0.47596153846153844
5 0.5060096153846154 0.5685096153846154 0.17668269230769232 0.43028846153846156
5 0.6862980769230769 0.5721153846153846 0.21153846153846154 0.4807692307692308
5 0.8389423076923077 0.8425480769230769 0.21875 0.29086538461538464
4 0.1658653846153846 0.2932692307692308 0.1502403846153846 0.171875
4 0.7319711538461539 0.23317307692307693 0.1141826923076923 0.14903846153846154
4 0.7596153846153846 0.5432692307692307 0.15745192307692307 0.1814903846153846