5 0.21394230769230768 0.48197115384615385 0.1778846153846154 0.4110576923076923
5 0.3389423076923077 0.5480769230769231 0.203125 0.4326923076923077
5 0.828125 0.5144230769230769 0.1778846153846154 0.4483173076923077
6 0.22235576923076922 0.15745192307692307 0.09735576923076923 0.08774038461538461
6 0.671875 0.24278846153846154 0.09975961538461539 0.10817307692307693
7 0.3629807692307692 0.22115384615384615 0.11538461538461539 0.11778846153846154
0 0.5036057692307693 0.2608173076923077 0.10817307692307693 0.09735576923076923
0 0.5612980769230769 0.1346153846153846 0.10576923076923077 0.09495192307692307
0 0.8197115384615384 0.14903846153846154 0.10336538461538461 0.10576923076923077
3 0.21153846153846154 0.4699519230769231 0.21394230769230768 0.7331730769230769
3 0.33653846153846156 0.4807692307692308 0.18870192307692307 0.625
3 0.5 0.47596153846153844 0.17548076923076922 0.5480769230769231
3 0.5612980769230769 0.23798076923076922 0.14182692307692307 0.3245192307692308
3 0.6646634615384616 0.5048076923076923 0.15504807692307693 0.625
3 0.828125 0.5192307692307693 0.2283653846153846 0.8822115384615384