5 0.12379807692307693 0.39903846153846156 0.11778846153846154 0.234375
5 0.21153846153846154 0.46634615384615385 0.1346153846153846 0.2548076923076923
5 0.296875 0.39903846153846156 0.10336538461538461 0.20793269230769232
5 0.375 0.4423076923076923 0.11538461538461539 0.23076923076923078
5 0.49759615384615385 0.4362980769230769 0.1141826923076923 0.21995192307692307
5 0.6033653846153846 0.5060096153846154 0.10096153846153846 0.23557692307692307
5 0.7235576923076923 0.4206730769230769 0.125 0.20793269230769232
5 0.828125 0.4543269230769231 0.1502403846153846 0.23918269230769232
0 0.1346153846153846 0.2091346153846154 0.06850961538461539 0.0829326923076923
0 0.21033653846153846 0.25841346153846156 0.06971153846153846 0.06370192307692307
0 0.30288461538461536 0.22235576923076922 0.055288461538461536 0.06610576923076923
0 0.3737980769230769 0.2512019230769231 0.06129807692307692 0.07451923076923077
0 0.4879807692307692 0.2548076923076923 0.06370192307692307 0.07451923076923077
0 0.5973557692307693 0.30288461538461536 0.0673076923076923 0.07211538461538461
0 0.7259615384615384 0.23798076923076922 0.06129807692307692 0.0733173076923077
0 0.8185096153846154 0.25961538461538464 0.08173076923076923 0.07932692307692307
3 0.11538461538461539 0.5288461538461539 0.13221153846153846 0.7512019230769231
3 0.21394230769230768 0.5528846153846154 0.12139423076923077 0.6971153846153846
3 0.296875 0.5120192307692307 0.09375 0.6634615384615384
3 0.3798076923076923 0.5408653846153846 0.13701923076923078 0.671875
3 0.5060096153846154 0.5504807692307693 0.1502403846153846 0.6706730769230769
3 0.6045673076923077 0.5865384615384616 0.1310096153846154 0.6454326923076923
3 0.71875 0.5384615384615384 0.15264423076923078 0.6658653846153846
3 0.84375 0.5889423076923077 0.19110576923076922 0.7692307692307693
1 0.48677884615384615 0.28125 0.038461538461538464 0.021634615384615384
1 0.8137019230769231 0.28846153846153844 0.046875 0.027644230769230768