7 0.47475961538461536 0.2692307692307692 0.12860576923076927 0.11778846153846156
7 0.7019230769230769 0.21033653846153846 0.17067307692307698 0.15144230769230765
7 0.09014423076923077 0.3161057692307693 0.05889423076923076 0.05649038461538464
7 0.2668269230769231 0.32932692307692313 0.03605769230769229 0.04086538461538464
5 0.483173076923077 0.6213942307692307 0.24399038461538464 0.40745192307692313
5 0.75 0.6418269230769231 0.30889423076923084 0.5204326923076923
5 0.11057692307692307 0.4158653846153847 0.08293269230769229 0.14543269230769235
5 0.25961538461538464 0.375 0.038461538461538436 0.08173076923076922
3 0.7512019230769231 0.5168269230769231 0.30889423076923084 0.7776442307692308
3 0.47475961538461536 0.5036057692307693 0.266826923076923 0.5985576923076923
3 0.09735576923076923 0.4723557692307693 0.09735576923076925 0.37019230769230776
3 0.265625 0.4074519230769231 0.050480769230769246 0.20673076923076927
