3 0.36298076923076916 0.5072115384615384 0.15504807692307693 0.6009615384615385
3 0.12620192307692307 0.5396634615384616 0.0841346153846154 0.4326923076923077
3 0.265625 0.5372596153846154 0.06610576923076925 0.3641826923076923
3 0.22596153846153844 0.5228365384615384 0.05769230769230768 0.3076923076923077
3 0.17307692307692307 0.5252403846153846 0.058894230769230754 0.2884615384615384
3 0.6189903846153846 0.5372596153846154 0.09375 0.451923076923077
3 0.8209134615384616 0.5685096153846154 0.1298076923076923 0.3028846153846154
7 0.6418269230769231 0.36177884615384615 0.04086538461538458 0.07692307692307693
5 0.3641826923076923 0.3966346153846153 0.109375 0.20673076923076922
5 0.11899038461538461 0.45673076923076916 0.06850961538461538 0.16225961538461536
