3 0.17307692307692307 0.5144230769230769 0.24639423076923075 0.9134615384615383
3 0.5432692307692307 0.5853365384615384 0.21754807692307687 0.7644230769230769
3 0.8377403846153846 0.5012019230769231 0.28846153846153844 0.9182692307692308
5 0.15985576923076922 0.6502403846153846 0.21514423076923075 0.6346153846153846
5 0.5252403846153846 0.6382211538461539 0.18149038461538458 0.4423076923076923
5 0.8173076923076923 0.5348557692307693 0.24038461538461542 0.5168269230769231
7 0.16706730769230768 0.13581730769230768 0.15024038461538464 0.15985576923076922
6 0.5192307692307693 0.27163461538461536 0.09014423076923078 0.13701923076923075
6 0.8028846153846154 0.11658653846153846 0.12860576923076916 0.17067307692307693
1 0.21274038461538458 0.22235576923076922 0.05649038461538461 0.043269230769230754
1 0.515625 0.3377403846153847 0.06850961538461542 0.04326923076923078
1 0.7824519230769231 0.19831730769230768 0.06730769230769229 0.046875
