6 0.171875 0.47596153846153844 0.027644230769230754 0.05528846153846151
6 0.3942307692307693 0.47596153846153844 0.025240384615384637 0.05769230769230771
6 0.5084134615384616 0.5324519230769231 0.03846153846153849 0.09735576923076922
5 0.17067307692307693 0.5949519230769231 0.038461538461538464 0.16826923076923084
5 0.3870192307692308 0.6009615384615384 0.05168269230769229 0.19350961538461542
5 0.45072115384615385 0.6009615384615385 0.03605769230769229 0.14423076923076927
5 0.5168269230769231 0.6971153846153846 0.078125 0.23798076923076916
3 0.16826923076923078 0.6370192307692307 0.050480769230769246 0.3701923076923077
3 0.3870192307692307 0.6225961538461539 0.05048076923076922 0.3485576923076923
3 0.4519230769230769 0.6165865384615384 0.03605769230769229 0.3197115384615385
3 0.5204326923076923 0.7415865384615384 0.078125 0.5144230769230769
