3 0.26802884615384615 0.6995192307692307 0.3545673076923077 0.5637019230769231
3 0.26923076923076916 0.4254807692307692 0.22475961538461536 0.7463942307692307
3 0.5408653846153846 0.7355769230769231 0.266826923076923 0.4591346153846154
3 0.7151442307692307 0.5745192307692308 0.234375 0.4627403846153847
3 0.9002403846153846 0.5564903846153846 0.19711538461538458 0.389423076923077
2 0.29086538461538464 0.12620192307692307 0.11418269230769229 0.13701923076923078
2 0.23798076923076922 0.5216346153846154 0.20192307692307696 0.23798076923076916
2 0.5612980769230769 0.6574519230769231 0.20913461538461542 0.29326923076923084
2 0.7211538461538461 0.44951923076923084 0.09855769230769229 0.16105769230769235
2 0.9098557692307693 0.4471153846153846 0.09254807692307687 0.14663461538461536
