2 0.125 0.28725961538461536 0.078125 0.11899038461538461
2 0.8052884615384616 0.34375 0.05048076923076923 0.08413461538461539
2 0.6201923076923077 0.3473557692307692 0.056490384615384616 0.08653846153846154
2 0.6610576923076923 0.3557692307692308 0.037259615384615384 0.07692307692307693
2 0.32211538461538464 0.3581730769230769 0.055288461538461536 0.0829326923076923
2 0.7295673076923077 0.359375 0.05889423076923077 0.09735576923076923
2 0.41225961538461536 0.3629807692307692 0.04326923076923077 0.0733173076923077
2 0.5144230769230769 0.36778846153846156 0.05889423076923077 0.09014423076923077
2 0.03125 0.3713942307692308 0.05048076923076923 0.08173076923076923
2 0.18389423076923078 0.3737980769230769 0.07211538461538461 0.09254807692307693
3 0.4050480769230769 0.5048076923076923 0.09254807692307693 0.3473557692307692
3 0.8233173076923077 0.5192307692307693 0.125 0.4651442307692308
3 0.3269230769230769 0.5528846153846154 0.140625 0.4639423076923077
3 0.6286057692307693 0.5637019230769231 0.1466346153846154 0.515625
3 0.20072115384615385 0.5709134615384616 0.12379807692307693 0.4987980769230769
3 0.7391826923076923 0.5829326923076923 0.14423076923076922 0.5528846153846154
3 0.5084134615384616 0.5925480769230769 0.15144230769230768 0.5408653846153846
3 0.1346153846153846 0.5949519230769231 0.17067307692307693 0.7427884615384616