7 0.22235576923076922 0.14423076923076922 0.140625 0.16826923076923078
6 0.3918269230769231 0.15985576923076922 0.140625 0.17307692307692307
5 0.15264423076923078 0.5480769230769231 0.2704326923076923 0.53125
5 0.4302884615384616 0.5480769230769231 0.2692307692307693 0.5
3 0.1502403846153846 0.48317307692307687 0.2692307692307692 0.8377403846153846
3 0.4254807692307692 0.4939903846153847 0.30528846153846156 0.8137019230769231
3 0.8004807692307693 0.5540865384615384 0.1358173076923077 0.5168269230769231
5 0.7884615384615385 0.49158653846153844 0.09735576923076927 0.18629807692307687
7 0.7872596153846154 0.34975961538461536 0.04807692307692313 0.06971153846153844
5 0.5745192307692307 0.40384615384615385 0.09975961538461542 0.2079326923076923
7 0.578125 0.2692307692307692 0.0625 0.0625
3 0.5925480769230769 0.4951923076923077 0.12019230769230771 0.5372596153846154
