3 0.47115384615384615 0.19471153846153846 0.14543269230769232 0.17307692307692307
7 0.13221153846153846 0.23798076923076922 0.1346153846153846 0.1502403846153846
6 0.7572115384615384 0.2776442307692308 0.1201923076923077 0.12860576923076922
7 0.6466346153846154 0.30288461538461536 0.16346153846153846 0.13701923076923078
6 0.28966346153846156 0.32211538461538464 0.1045673076923077 0.08653846153846154
3 0.9038461538461539 0.5408653846153846 0.18870192307692307 0.8894230769230769
3 0.4074519230769231 0.5480769230769231 0.21514423076923078 0.8894230769230769
3 0.10336538461538461 0.578125 0.1935096153846154 0.8317307692307693
3 0.7800480769230769 0.6021634615384616 0.18389423076923078 0.7824519230769231
3 0.6526442307692307 0.609375 0.234375 0.7752403846153846
3 0.2776442307692308 0.6237980769230769 0.1466346153846154 0.7463942307692307
7 0.9447115384615384 0.15504807692307693 0.10817307692307693 0.15264423076923078