3 0.2079326923076923 0.6045673076923077 0.296875 0.7872596153846154
3 0.4411057692307693 0.5901442307692307 0.27043269230769235 0.8161057692307694
3 0.8028846153846154 0.5168269230769231 0.38701923076923084 0.9627403846153846
7 0.22355769230769232 0.3161057692307692 0.12139423076923078 0.19951923076923075
4 0.4254807692307692 0.2860576923076923 0.15264423076923073 0.1838942307692308
6 0.7944711538461539 0.18028846153846154 0.21754807692307687 0.22836538461538464
5 0.19711538461538464 0.6814903846153846 0.25721153846153844 0.46514423076923084
5 0.4627403846153846 0.6262019230769231 0.22475961538461536 0.438701923076923
5 0.8149038461538463 0.7175480769230769 0.36778846153846156 0.5528846153846154
1 0.41346153846153844 0.3737980769230769 0.08774038461538458 0.038461538461538436
