6 0.2548076923076923 0.3185096153846154 0.0625 0.06370192307692307
6 0.5889423076923077 0.33653846153846156 0.07211538461538458 0.06129807692307693
6 0.4387019230769231 0.34375 0.0625 0.08173076923076922
6 0.0625 0.344951923076923 0.05649038461538462 0.05288461538461536
6 0.7487980769230769 0.36177884615384615 0.11298076923076927 0.09254807692307693
6 0.3401442307692308 0.40384615384615385 0.109375 0.10817307692307693
3 0.07211538461538461 0.5168269230769231 0.11418269230769229 0.4423076923076923
3 0.25120192307692313 0.5336538461538461 0.14543269230769235 0.5552884615384615
3 0.43990384615384615 0.5853365384615384 0.14182692307692313 0.5865384615384615
3 0.5817307692307693 0.5925480769230769 0.16586538461538458 0.6177884615384617
3 0.7524038461538461 0.6538461538461539 0.13942307692307687 0.6730769230769231
3 0.342548076923077 0.6742788461538461 0.18149038461538464 0.6394230769230769
