3 0.036057692307692304 0.6310096153846154 0.07211538461538461 0.703125
3 0.10697115384615384 0.6466346153846154 0.09254807692307693 0.6862980769230769
3 0.1971153846153846 0.6814903846153846 0.0985576923076923 0.6045673076923077
3 0.30528846153846156 0.6550480769230769 0.12860576923076922 0.65625
3 0.44711538461538464 0.6237980769230769 0.109375 0.5769230769230769
3 0.5252403846153846 0.6009615384615384 0.0829326923076923 0.4723557692307692
3 0.5853365384615384 0.6538461538461539 0.08653846153846154 0.5264423076923077
3 0.6454326923076923 0.625 0.078125 0.5348557692307693
3 0.6923076923076923 0.6730769230769231 0.08774038461538461 0.5877403846153846
3 0.8401442307692307 0.6983173076923077 0.140625 0.5997596153846154
4 0.03485576923076923 0.3641826923076923 0.06850961538461539 0.13701923076923078
6 0.1310096153846154 0.3581730769230769 0.08774038461538461 0.12379807692307693
6 0.19471153846153846 0.4326923076923077 0.07692307692307693 0.10576923076923077
6 0.3088942307692308 0.37740384615384615 0.0673076923076923 0.07692307692307693
6 0.4651442307692308 0.39663461538461536 0.057692307692307696 0.06971153846153846
6 0.5228365384615384 0.4050480769230769 0.042067307692307696 0.06129807692307692
4 0.5865384615384616 0.43028846153846156 0.038461538461538464 0.055288461538461536
6 0.6658653846153846 0.39302884615384615 0.046875 0.057692307692307696
6 0.7091346153846154 0.4254807692307692 0.055288461538461536 0.08413461538461539
6 0.8473557692307693 0.46033653846153844 0.07692307692307693 0.09495192307692307