2 0.04326923076923077 0.5324519230769231 0.04206730769230769 0.07692307692307698
2 0.7463942307692306 0.5372596153846154 0.043269230769230727 0.07211538461538458
2 0.282451923076923 0.5396634615384616 0.03485576923076922 0.06730769230769229
2 0.4314903846153846 0.5408653846153846 0.03725961538461536 0.06971153846153844
2 0.125 0.5456730769230769 0.03725961538461538 0.07211538461538458
2 0.5180288461538461 0.546875 0.03846153846153849 0.06850961538461542
2 0.6105769230769231 0.546875 0.046875 0.06850961538461542
2 0.21995192307692307 0.5480769230769231 0.04086538461538461 0.07211538461538458
2 0.7848557692307692 0.5793269230769231 0.043269230769230727 0.078125
2 0.6887019230769231 0.5961538461538461 0.046875 0.06730769230769229
3 0.04326923076923077 0.6887019230769231 0.08293269230769232 0.3990384615384616
3 0.3004807692307692 0.7067307692307693 0.10576923076923075 0.40504807692307687
3 0.2091346153846154 0.7091346153846154 0.08653846153846151 0.4110576923076923
3 0.423076923076923 0.7091346153846154 0.10817307692307693 0.40264423076923084
3 0.12740384615384615 0.7115384615384615 0.09855769230769229 0.4026442307692307
3 0.5264423076923077 0.7223557692307694 0.109375 0.4158653846153847
3 0.7415865384615384 0.7307692307692307 0.07932692307692313 0.4615384615384615
3 0.6117788461538461 0.7307692307692307 0.09254807692307687 0.453125
3 0.6923076923076923 0.7560096153846154 0.078125 0.40264423076923084
3 0.8028846153846154 0.768028846153846 0.09254807692307698 0.44471153846153844
