7 0.6129807692307694 0.5853365384615385 0.050480769230769273 0.055288461538461564
7 0.23798076923076922 0.5877403846153846 0.05769230769230771 0.06730769230769229
7 0.2644230769230769 0.6286057692307693 0.043269230769230754 0.05168269230769229
7 0.056490384615384616 0.6382211538461539 0.04326923076923077 0.04567307692307687
7 0.7536057692307693 0.6598557692307693 0.03125 0.03245192307692313
7 0.7980769230769231 0.6658653846153846 0.03245192307692313 0.038461538461538436
3 0.8088942307692308 0.765625 0.08173076923076927 0.24639423076923084
3 0.04326923076923077 0.7704326923076923 0.07211538461538461 0.30048076923076916
3 0.6177884615384616 0.7716346153846154 0.18870192307692313 0.43389423076923084
3 0.7512019230769231 0.7740384615384616 0.12620192307692302 0.2860576923076923
3 0.19951923076923075 0.7776442307692307 0.13581730769230765 0.4326923076923077
3 0.28365384615384615 0.7944711538461539 0.0925480769230769 0.3701923076923077
3 0.1189903846153846 0.8064903846153846 0.10456730769230768 0.3076923076923077
