1 0.25721153846153844 0.31009615384615385 0.1490384615384615 0.10096153846153849
1 0.6826923076923077 0.328125 0.125 0.11298076923076922
6 0.5300480769230769 0.35216346153846156 0.125 0.1454326923076923
6 0.4026442307692307 0.3846153846153846 0.11538461538461536 0.12860576923076922
1 0.5276442307692307 0.43990384615384615 0.11057692307692313 0.07692307692307693
1 0.39903846153846156 0.4651442307692308 0.10336538461538458 0.06971153846153844
3 0.18028846153846154 0.5480769230769231 0.3269230769230769 0.9014423076923077
3 0.796875 0.5649038461538461 0.3810096153846154 0.8389423076923077
3 0.5324519230769231 0.6201923076923077 0.23798076923076916 0.7067307692307692
3 0.38942307692307687 0.6466346153846154 0.13942307692307693 0.6706730769230769
6 0.25961538461538464 0.20192307692307693 0.17067307692307696 0.1826923076923077
6 0.7067307692307693 0.23557692307692304 0.171875 0.14663461538461536
