2 0.0985576923076923 0.2439903846153846 0.09735576923076923 0.18028846153846154
2 0.2956730769230769 0.2704326923076923 0.08413461538461539 0.1502403846153846
2 0.6694711538461539 0.27403846153846156 0.0673076923076923 0.13581730769230768
2 0.8341346153846154 0.2776442307692308 0.06971153846153846 0.13942307692307693
2 0.5180288461538461 0.2800480769230769 0.07932692307692307 0.1310096153846154
2 0.1814903846153846 0.29086538461538464 0.09254807692307693 0.16105769230769232
3 0.8641826923076923 0.5276442307692307 0.203125 0.6189903846153846
3 0.0829326923076923 0.5769230769230769 0.11899038461538461 0.8245192307692307
3 0.6814903846153846 0.5841346153846154 0.19951923076923078 0.7740384615384616
3 0.3016826923076923 0.6009615384615384 0.17548076923076922 0.7920673076923077
3 0.5036057692307693 0.6009615384615384 0.1778846153846154 0.7764423076923077
3 0.1658653846153846 0.6081730769230769 0.12980769230769232 0.7800480769230769