2 0.08173076923076923 0.3088942307692308 0.07932692307692307 0.14182692307692304
2 0.33774038461538464 0.3653846153846153 0.078125 0.13942307692307693
2 0.4182692307692308 0.38461538461538464 0.0625 0.12019230769230771
2 0.5612980769230769 0.39423076923076916 0.07932692307692302 0.11538461538461536
2 0.2247596153846154 0.39903846153846156 0.06129807692307693 0.11418269230769229
2 0.8629807692307693 0.4026442307692308 0.07211538461538458 0.12019230769230771
2 0.6778846153846154 0.421875 0.08774038461538458 0.12860576923076922
3 0.09615384615384616 0.6177884615384616 0.18028846153846154 0.7487980769230769
3 0.43028846153846156 0.6466346153846154 0.13701923076923078 0.6490384615384617
3 0.30528846153846156 0.6466346153846154 0.17788461538461542 0.703125
3 0.5709134615384616 0.6598557692307693 0.1983173076923077 0.6574519230769231
3 0.8774038461538461 0.6658653846153846 0.18870192307692313 0.6634615384615383
3 0.7019230769230769 0.6706730769230769 0.15745192307692302 0.6550480769230769
