4 0.2644230769230769 0.3064903846153847 0.12620192307692304 0.11899038461538464
4 0.390625 0.6334134615384616 0.10576923076923078 0.10817307692307687
4 0.625 0.4783653846153846 0.10336538461538458 0.13100961538461536
4 0.6658653846153846 0.3401442307692308 0.07932692307692302 0.06971153846153844
5 0.13221153846153846 0.5048076923076923 0.24038461538461536 0.3185096153846154
5 0.8257211538461539 0.5588942307692307 0.31129807692307687 0.2608173076923077
3 0.16826923076923078 0.6225961538461539 0.3161057692307693 0.7487980769230769
3 0.7764423076923077 0.7055288461538461 0.4158653846153846 0.5865384615384615
3 0.6754807692307693 0.5637019230769231 0.1514423076923077 0.5216346153846154
3 0.4423076923076923 0.7247596153846154 0.24399038461538458 0.3125
