3 0.35336538461538464 0.6814903846153846 0.08413461538461539 0.484375
3 0.4387019230769231 0.6778846153846154 0.11899038461538461 0.49038461538461536
3 0.5432692307692307 0.6850961538461539 0.10817307692307693 0.4543269230769231
3 0.9615384615384616 0.37259615384615385 0.07451923076923077 0.4543269230769231
6 0.36658653846153844 0.4675480769230769 0.04807692307692308 0.05048076923076923
6 0.39663461538461536 0.4699519230769231 0.04807692307692308 0.042067307692307696
6 0.5384615384615384 0.4879807692307692 0.0625 0.05048076923076923
5 0.3581730769230769 0.5865384615384616 0.078125 0.16105769230769232
5 0.4254807692307692 0.5853365384615384 0.1045673076923077 0.15504807692307693
5 0.5456730769230769 0.6069711538461539 0.0733173076923077 0.15504807692307693
5 0.9627403846153846 0.3004807692307692 0.06971153846153846 0.1778846153846154