3 0.38341346153846156 0.6117788461538461 0.04206730769230771 0.21995192307692313
3 0.4266826923076923 0.609375 0.04086538461538464 0.22475961538461542
3 0.4699519230769231 0.6189903846153846 0.04206730769230771 0.25
3 0.5252403846153846 0.6189903846153846 0.05048076923076922 0.2860576923076923
3 0.5721153846153846 0.6165865384615384 0.04567307692307687 0.28004807692307687
3 0.6033653846153846 0.6213942307692307 0.03725961538461542 0.234375
3 0.6394230769230769 0.6033653846153846 0.04567307692307687 0.2259615384615385
6 0.4338942307692307 0.5096153846153846 0.021634615384615363 0.03605769230769229
6 0.5997596153846154 0.5192307692307694 0.02043269230769229 0.024038461538461564
6 0.6346153846153846 0.5084134615384616 0.015625 0.02644230769230771
6 0.5240384615384616 0.49639423076923084 0.015625 0.030048076923076927
0 0.47115384615384615 0.5096153846153846 0.02043269230769229 0.02524038461538458
5 0.38341346153846156 0.578125 0.02644230769230771 0.09735576923076927
5 0.42788461538461536 0.5769230769230769 0.03125 0.11057692307692302
5 0.467548076923077 0.5769230769230769 0.04326923076923078 0.10336538461538458
5 0.5216346153846154 0.5637019230769231 0.043269230769230727 0.09975961538461542
5 0.5721153846153846 0.5697115384615383 0.038461538461538436 0.09014423076923073
5 0.6033653846153846 0.5853365384615383 0.034855769230769273 0.10096153846153844
5 0.6418269230769231 0.5649038461538461 0.038461538461538436 0.08894230769230771
