6 0.21514423076923078 0.3581730769230769 0.07692307692307693 0.08173076923076923
6 0.2692307692307692 0.38461538461538464 0.04807692307692308 0.0673076923076923
6 0.5901442307692307 0.36658653846153844 0.04807692307692308 0.04807692307692308
6 0.6682692307692307 0.38822115384615385 0.0733173076923077 0.06129807692307692
4 0.5072115384615384 0.3293269230769231 0.0625 0.055288461538461536
3 0.20673076923076922 0.6370192307692307 0.16346153846153846 0.7079326923076923
3 0.27524038461538464 0.6057692307692307 0.09375 0.5252403846153846
3 0.3870192307692308 0.6105769230769231 0.14182692307692307 0.5360576923076923
3 0.5048076923076923 0.6009615384615384 0.16826923076923078 0.640625
3 0.6021634615384616 0.5889423076923077 0.1045673076923077 0.5216346153846154
3 0.6826923076923077 0.6213942307692307 0.14423076923076922 0.5673076923076923
3 0.8185096153846154 0.6586538461538461 0.15144230769230768 0.6826923076923077
3 0.9375 0.6286057692307693 0.12139423076923077 0.7235576923076923
2 0.3870192307692308 0.38461538461538464 0.04807692307692308 0.0625
2 0.8185096153846154 0.3629807692307692 0.0733173076923077 0.0829326923076923