6 0.4326923076923077 0.38461538461538464 0.06850961538461539 0.07932692307692307
6 0.4807692307692308 0.40865384615384615 0.055288461538461536 0.0733173076923077
6 0.7536057692307693 0.3713942307692308 0.07211538461538461 0.06370192307692307
4 0.3545673076923077 0.4110576923076923 0.0625 0.06610576923076923
5 0.4170673076923077 0.5612980769230769 0.1502403846153846 0.25600961538461536
5 0.7644230769230769 0.5456730769230769 0.11057692307692307 0.19951923076923078
5 0.6141826923076923 0.45072115384615385 0.027644230769230768 0.06971153846153846
3 0.31971153846153844 0.6418269230769231 0.10817307692307693 0.5216346153846154
3 0.055288461538461536 0.6790865384615384 0.11057692307692307 0.6237980769230769
3 0.4182692307692308 0.6706730769230769 0.13221153846153846 0.6418269230769231
3 0.5108173076923077 0.6514423076923077 0.12139423076923077 0.5685096153846154
3 0.5600961538461539 0.6057692307692307 0.0889423076923077 0.46875
3 0.6490384615384616 0.6105769230769231 0.1045673076923077 0.46153846153846156
3 0.7668269230769231 0.6213942307692307 0.1466346153846154 0.5985576923076923
3 0.9459134615384616 0.5817307692307693 0.09495192307692307 0.3737980769230769
3 0.921875 0.5504807692307693 0.08413461538461539 0.3786057692307692
2 0.5192307692307693 0.4026442307692308 0.036057692307692304 0.046875
2 0.5588942307692307 0.3942307692307692 0.04567307692307692 0.051682692307692304
2 0.6346153846153846 0.4050480769230769 0.04807692307692308 0.055288461538461536