1 0.6153846153846154 0.31490384615384615 0.1502403846153846 0.08653846153846154
1 0.7896634615384616 0.3449519230769231 0.12379807692307693 0.07451923076923077
7 0.40024038461538464 0.3473557692307692 0.2512019230769231 0.22596153846153846
1 0.15384615384615385 0.3581730769230769 0.21995192307692307 0.10576923076923077
1 0.42788461538461536 0.48677884615384615 0.1622596153846154 0.07692307692307693
3 0.15384615384615385 0.5180288461538461 0.2920673076923077 0.9483173076923077
3 0.5961538461538461 0.5300480769230769 0.21754807692307693 0.9254807692307693
3 0.8185096153846154 0.5564903846153846 0.2548076923076923 0.8485576923076923
3 0.3942307692307692 0.6081730769230769 0.27163461538461536 0.7776442307692307
6 0.6105769230769231 0.19230769230769232 0.2127403846153846 0.2127403846153846
7 0.7872596153846154 0.23798076923076922 0.19471153846153846 0.17548076923076922