6 0.27163461538461536 0.5432692307692307 0.038461538461538436 0.03725961538461542
6 0.33052884615384615 0.5408653846153846 0.04206730769230771 0.03605769230769229
6 0.4098557692307692 0.546875 0.038461538461538436 0.03725961538461542
6 0.4543269230769231 0.5697115384615384 0.03125 0.02644230769230771
6 0.4879807692307693 0.5685096153846154 0.04086538461538464 0.03725961538461542
6 0.4939903846153847 0.5480769230769231 0.030048076923076927 0.034855769230769273
6 0.5709134615384616 0.5444711538461537 0.03245192307692313 0.038461538461538436
0 0.6490384615384616 0.5444711538461539 0.03725961538461542 0.03605769230769229
5 0.2668269230769231 0.6286057692307694 0.05288461538461539 0.11298076923076927
5 0.3221153846153847 0.6322115384615384 0.06129807692307693 0.11899038461538458
5 0.39783653846153844 0.640625 0.06730769230769229 0.125
5 0.4423076923076923 0.6514423076923077 0.027644230769230782 0.11899038461538458
5 0.47716346153846156 0.6742788461538461 0.07331730769230771 0.14182692307692313
5 0.5625 0.6165865384615384 0.058894230769230727 0.11418269230769229
5 0.6610576923076923 0.6310096153846154 0.08413461538461542 0.12860576923076916
3 0.2608173076923077 0.669471153846154 0.058894230769230754 0.30528846153846156
3 0.3245192307692307 0.6742788461538461 0.06850961538461536 0.31129807692307687
3 0.39903846153846156 0.6947115384615384 0.07692307692307693 0.3329326923076923
3 0.453125 0.6802884615384616 0.05288461538461536 0.26682692307692313
3 0.4939903846153847 0.7223557692307692 0.08293269230769235 0.3245192307692307
3 0.5012019230769231 0.6502403846153846 0.05288461538461542 0.2451923076923077
3 0.5685096153846154 0.6754807692307692 0.07331730769230771 0.3028846153846153
3 0.6802884615384615 0.6802884615384615 0.12139423076923073 0.3088942307692307
