3 0.16346153846153846 0.6622596153846154 0.14543269230769235 0.4939903846153846
3 0.25961538461538464 0.6574519230769231 0.12139423076923075 0.469951923076923
3 0.37620192307692313 0.6622596153846154 0.11899038461538464 0.5456730769230769
3 0.4591346153846153 0.6466346153846154 0.08413461538461536 0.45673076923076916
3 0.5300480769230769 0.6322115384615384 0.07331730769230771 0.46995192307692313
3 0.5901442307692307 0.6574519230769231 0.09254807692307687 0.4747596153846154
3 0.6754807692307693 0.6887019230769231 0.08894230769230771 0.47235576923076916
3 0.7487980769230769 0.6490384615384616 0.12620192307692302 0.5528846153846154
3 0.8810096153846154 0.6658653846153846 0.13701923076923084 0.5216346153846154
5 0.7451923076923077 0.5372596153846154 0.11298076923076927 0.19350961538461542
2 0.1622596153846154 0.451923076923077 0.05048076923076922 0.06370192307692307
2 0.2668269230769231 0.4591346153846153 0.0456730769230769 0.05048076923076922
2 0.38461538461538464 0.4266826923076923 0.046875 0.05288461538461536
2 0.46153846153846156 0.45552884615384615 0.04567307692307693 0.05168269230769229
2 0.5324519230769231 0.43149038461538464 0.04206730769230771 0.046875
2 0.5925480769230769 0.45673076923076916 0.04086538461538458 0.04807692307692307
2 0.669471153846154 0.49158653846153844 0.055288461538461564 0.06129807692307687
2 0.75 0.4026442307692308 0.046875 0.05168269230769229
2 0.8665865384615384 0.4375 0.04807692307692313 0.05649038461538464
