3 0.2860576923076923 0.5564903846153846 0.34375 0.8605769230769231
3 0.5528846153846154 0.5576923076923077 0.21754807692307693 0.8221153846153846
3 0.7439903846153846 0.5901442307692307 0.23076923076923078 0.7764423076923077
3 0.8485576923076923 0.4675480769230769 0.078125 0.3485576923076923
3 0.9086538461538461 0.4795673076923077 0.0733173076923077 0.3629807692307692
5 0.3293269230769231 0.5 0.234375 0.453125
5 0.5456730769230769 0.47716346153846156 0.2247596153846154 0.4074519230769231
5 0.7235576923076923 0.5384615384615384 0.1935096153846154 0.3918269230769231
5 0.8485576923076923 0.44591346153846156 0.08173076923076923 0.14543269230769232
5 0.9122596153846154 0.44711538461538464 0.05048076923076923 0.16346153846153846
5 0.9627403846153846 0.34975961538461536 0.06971153846153846 0.1814903846153846
6 0.3942307692307692 0.18629807692307693 0.13581730769230768 0.12860576923076922
6 0.5336538461538461 0.1814903846153846 0.0889423076923077 0.13581730769230768
6 0.6887019230769231 0.2536057692307692 0.13581730769230768 0.10336538461538461
6 0.8521634615384616 0.33533653846153844 0.04807692307692308 0.04567307692307692
6 0.9122596153846154 0.32572115384615385 0.057692307692307696 0.055288461538461536