5 0.20192307692307693 0.42788461538461536 0.15264423076923078 0.2668269230769231
5 0.4639423076923077 0.4266826923076923 0.12860576923076922 0.2403846153846154
5 0.625 0.3942307692307692 0.12860576923076922 0.21754807692307693
5 0.7247596153846154 0.35336538461538464 0.1201923076923077 0.22956730769230768
5 0.3798076923076923 0.4519230769230769 0.06610576923076923 0.21394230769230768
6 0.6033653846153846 0.23798076923076922 0.0625 0.06971153846153846
6 0.7223557692307693 0.1778846153846154 0.056490384615384616 0.0829326923076923
6 0.21153846153846154 0.21995192307692307 0.07211538461538461 0.07692307692307693
7 0.38822115384615385 0.27524038461538464 0.06129807692307692 0.06370192307692307
7 0.46033653846153844 0.25961538461538464 0.06129807692307692 0.08173076923076923
3 0.2091346153846154 0.546875 0.20432692307692307 0.7596153846153846
3 0.3762019230769231 0.5336538461538461 0.09975961538461539 0.5925480769230769
3 0.4723557692307692 0.5540865384615384 0.16706730769230768 0.6887019230769231
3 0.6153846153846154 0.4879807692307692 0.15985576923076922 0.5973557692307693
3 0.7355769230769231 0.4423076923076923 0.14903846153846154 0.6153846153846154