4 0.27524038461538464 0.22355769230769232 0.078125 0.12139423076923077
4 0.44591346153846156 0.22115384615384615 0.0733173076923077 0.09254807692307693
4 0.3425480769230769 0.2283653846153846 0.042067307692307696 0.08774038461538461
4 0.5204326923076923 0.17307692307692307 0.0625 0.07692307692307693
4 0.5877403846153846 0.21995192307692307 0.051682692307692304 0.08413461538461539
4 0.22596153846153846 0.24158653846153846 0.02403846153846154 0.042067307692307696
4 0.1466346153846154 0.22355769230769232 0.016826923076923076 0.025240384615384616
4 0.11899038461538461 0.23317307692307693 0.02403846153846154 0.03125
4 0.014423076923076924 0.24759615384615385 0.020432692307692308 0.026442307692307692
6 0.07692307692307693 0.24278846153846154 0.025240384615384616 0.03485576923076923
6 0.18389423076923078 0.2283653846153846 0.0673076923076923 0.07692307692307693
6 0.6418269230769231 0.19110576923076922 0.06850961538461539 0.10336538461538461
6 0.7199519230769231 0.23197115384615385 0.09254807692307693 0.1141826923076923
3 0.2644230769230769 0.5600961538461539 0.1310096153846154 0.8016826923076923
3 0.4519230769230769 0.5564903846153846 0.1502403846153846 0.7692307692307693
3 0.5396634615384616 0.5060096153846154 0.13221153846153846 0.7427884615384616
3 0.6394230769230769 0.5300480769230769 0.10576923076923077 0.7716346153846154
3 0.7439903846153846 0.5817307692307693 0.1875 0.8052884615384616
3 0.17307692307692307 0.5180288461538461 0.09375 0.6574519230769231
3 0.08413461538461539 0.3269230769230769 0.05048076923076923 0.22956730769230768
3 0.33774038461538464 0.265625 0.05048076923076923 0.140625
3 0.02403846153846154 0.33533653846153844 0.040865384615384616 0.22355769230769232
3 0.055288461538461536 0.3269230769230769 0.037259615384615384 0.20673076923076922