6 0.0673076923076923 0.38221153846153844 0.0625 0.09014423076923077
6 0.12620192307692307 0.4423076923076923 0.06610576923076923 0.11298076923076923
6 0.17548076923076922 0.35697115384615385 0.0625 0.10817307692307693
6 0.21754807692307693 0.4567307692307692 0.055288461538461536 0.09735576923076923
6 0.6322115384615384 0.4050480769230769 0.052884615384615384 0.09495192307692307
0 0.23918269230769232 0.30649038461538464 0.056490384615384616 0.0985576923076923
0 0.28365384615384615 0.375 0.04807692307692308 0.109375
0 0.328125 0.4387019230769231 0.05889423076923077 0.09735576923076923
0 0.3485576923076923 0.28365384615384615 0.05048076923076923 0.1141826923076923
0 0.38221153846153844 0.36538461538461536 0.04807692307692308 0.125
0 0.42788461538461536 0.3016826923076923 0.04567307692307692 0.08173076923076923
0 0.4326923076923077 0.4495192307692308 0.0625 0.1045673076923077
0 0.47596153846153844 0.3425480769230769 0.052884615384615384 0.10817307692307693
0 0.5228365384615384 0.4567307692307692 0.051682692307692304 0.10817307692307693
0 0.5600961538461539 0.35336538461538464 0.055288461538461536 0.10817307692307693
0 0.5853365384615384 0.3004807692307692 0.042067307692307696 0.08774038461538461
5 0.06129807692307692 0.6550480769230769 0.09975961538461539 0.3401442307692308
5 0.11778846153846154 0.7163461538461539 0.10576923076923077 0.38221153846153844
5 0.21995192307692307 0.7355769230769231 0.09975961538461539 0.3485576923076923
5 0.2776442307692308 0.6490384615384616 0.0733173076923077 0.33774038461538464
5 0.32572115384615385 0.7019230769230769 0.09254807692307693 0.3317307692307692
5 0.38461538461538464 0.5877403846153846 0.07211538461538461 0.2692307692307692
5 0.43028846153846156 0.7091346153846154 0.09495192307692307 0.3389423076923077
5 0.5252403846153846 0.7055288461538461 0.10576923076923077 0.3581730769230769
5 0.6262019230769231 0.6778846153846154 0.10096153846153846 0.36778846153846156
5 0.5745192307692307 0.5240384615384616 0.051682692307692304 0.10096153846153846
3 0.055288461538461536 0.6574519230769231 0.09495192307692307 0.6802884615384616
3 0.11899038461538461 0.6875 0.109375 0.609375
3 0.17548076923076922 0.43028846153846156 0.06971153846153846 0.27524038461538464
3 0.22235576923076922 0.6923076923076923 0.09975961538461539 0.578125
3 0.24278846153846154 0.37259615384615385 0.05048076923076923 0.21754807692307693
3 0.2776442307692308 0.5853365384615384 0.078125 0.5300480769230769
3 0.3233173076923077 0.6971153846153846 0.11298076923076923 0.5889423076923077
3 0.38100961538461536 0.4807692307692308 0.057692307692307696 0.3269230769230769
3 0.3389423076923077 0.33774038461538464 0.06610576923076923 0.22355769230769232
3 0.4326923076923077 0.703125 0.10576923076923077 0.5721153846153846
3 0.42788461538461536 0.34975961538461536 0.06370192307692307 0.171875
3 0.47716346153846156 0.4387019230769231 0.0733173076923077 0.30649038461538464
3 0.5300480769230769 0.6935096153846154 0.11899038461538461 0.5997596153846154
3 0.5612980769230769 0.46153846153846156 0.06370192307692307 0.3233173076923077
3 0.5865384615384616 0.38221153846153844 0.05048076923076923 0.23798076923076922
3 0.6322115384615384 0.6658653846153846 0.125 0.640625