2 0.08653846153846154 0.18870192307692307 0.05288461538461538 0.16225961538461542
2 0.14182692307692307 0.19831730769230768 0.05769230769230771 0.16826923076923078
2 0.2283653846153846 0.20192307692307693 0.06129807692307693 0.11778846153846156
2 0.30528846153846156 0.21153846153846154 0.05288461538461536 0.11057692307692307
2 0.5949519230769231 0.22115384615384615 0.05288461538461542 0.0925480769230769
2 0.5360576923076923 0.2223557692307692 0.027644230769230727 0.06850961538461536
2 0.4495192307692308 0.22596153846153844 0.03125 0.08774038461538458
2 0.3786057692307692 0.234375 0.02644230769230771 0.07211538461538458
2 0.484375 0.2403846153846154 0.04326923076923078 0.09735576923076922
2 0.6754807692307693 0.2403846153846154 0.02524038461538458 0.07211538461538464
2 0.3497596153846154 0.24879807692307693 0.030048076923076927 0.07451923076923075
2 0.6983173076923077 0.25600961538461536 0.027644230769230727 0.0612980769230769
3 0.6911057692307694 0.38100961538461536 0.08173076923076927 0.3497596153846153
3 0.22836538461538458 0.4026442307692307 0.11899038461538458 0.5144230769230769
3 0.3737980769230769 0.41346153846153844 0.05769230769230771 0.4158653846153846
3 0.47596153846153844 0.4375 0.12019230769230771 0.5
3 0.3221153846153846 0.4519230769230769 0.13942307692307693 0.5901442307692307
3 0.5949519230769231 0.46875 0.10456730769230771 0.5745192307692308
