3 0.23798076923076922 0.6995192307692307 0.17307692307692304 0.5985576923076923
3 0.4026442307692308 0.6995192307692307 0.16346153846153844 0.5997596153846154
3 0.6177884615384616 0.6586538461538461 0.15745192307692313 0.6706730769230769
3 0.890625 0.5865384615384616 0.21514423076923084 0.8112980769230769
4 0.22836538461538458 0.45072115384615385 0.09374999999999997 0.09855769230769229
4 0.3870192307692307 0.4375 0.06850961538461536 0.06610576923076922
4 0.5997596153846154 0.38822115384615385 0.09254807692307698 0.09495192307692307
4 0.8521634615384616 0.25721153846153844 0.13942307692307687 0.1237980769230769
5 0.22475961538461536 0.658653846153846 0.16346153846153844 0.25721153846153844
5 0.39783653846153844 0.6057692307692308 0.11057692307692307 0.20673076923076927
5 0.6189903846153846 0.6526442307692306 0.140625 0.3810096153846153
5 0.9086538461538461 0.5829326923076923 0.1826923076923077 0.4591346153846154
