7 0.35096153846153844 0.5240384615384616 0.05889423076923078 0.05649038461538458
7 0.43509615384615385 0.48076923076923084 0.04807692307692307 0.046875000000000056
7 0.5384615384615384 0.3966346153846154 0.04567307692307687 0.04326923076923078
7 0.6670673076923077 0.4483173076923077 0.05288461538461542 0.05288461538461536
7 0.7944711538461539 0.4423076923076923 0.04567307692307687 0.05048076923076922
3 0.2644230769230769 0.5456730769230769 0.09495192307692304 0.28485576923076916
3 0.3401442307692308 0.6622596153846154 0.08653846153846156 0.34014423076923084
3 0.438701923076923 0.625 0.08173076923076922 0.34014423076923084
3 0.5348557692307693 0.5216346153846154 0.08653846153846151 0.30048076923076916
3 0.6622596153846154 0.5649038461538461 0.08774038461538458 0.29807692307692313
3 0.7896634615384616 0.5685096153846154 0.08894230769230771 0.3028846153846154
2 0.24519230769230768 0.42908653846153844 0.04086538461538464 0.03846153846153849
