3 0.5516826923076923 0.6826923076923077 0.17548076923076916 0.3653846153846154
3 0.75 0.6490384615384616 0.17788461538461542 0.4014423076923077
3 0.6370192307692306 0.6658653846153846 0.10576923076923073 0.326923076923077
3 0.8774038461538461 0.5096153846153846 0.1983173076923077 0.6141826923076923
3 0.33533653846153844 0.5997596153846154 0.12019230769230771 0.6634615384615383
3 0.22956730769230768 0.5637019230769231 0.11298076923076922 0.6875
3 0.12379807692307693 0.498798076923077 0.11057692307692307 0.5300480769230769
5 0.05288461538461538 0.5048076923076923 0.10096153846153846 0.25
5 0.21514423076923078 0.451923076923077 0.12019230769230771 0.23918269230769235
5 0.32932692307692313 0.49639423076923084 0.11057692307692307 0.24639423076923084
5 0.890625 0.405048076923077 0.09014423076923073 0.19711538461538464
7 0.11057692307692306 0.29086538461538464 0.07451923076923075 0.06971153846153844
7 0.15144230769230768 0.31129807692307687 0.046875 0.07692307692307693
6 0.24519230769230768 0.2644230769230769 0.08173076923076922 0.09855769230769229
0 0.34375 0.31009615384615385 0.07211538461538458 0.07932692307692307
6 0.055288461538461536 0.3341346153846154 0.07451923076923078 0.07211538461538464
6 0.5949519230769231 0.5348557692307693 0.07692307692307698 0.08413461538461542
6 0.6947115384615383 0.49759615384615385 0.07451923076923073 0.07331730769230771
