6 0.451923076923077 0.5336538461538461 0.012019230769230782 0.02043269230769229
6 0.8701923076923077 0.5180288461538463 0.019230769230769273 0.024038461538461564
5 0.45072115384615385 0.5600961538461539 0.024038461538461564 0.04807692307692313
5 0.8641826923076923 0.5432692307692307 0.027644230769230727 0.04567307692307687
5 0.2512019230769231 0.5661057692307693 0.027644230769230754 0.05288461538461542
5 0.21995192307692307 0.5661057692307693 0.02524038461538461 0.04567307692307687
5 0.19951923076923078 0.5661057692307693 0.027644230769230754 0.05649038461538458
3 0.44951923076923084 0.5637019230769231 0.04326923076923078 0.09975961538461542
3 0.2536057692307692 0.5769230769230769 0.03605769230769229 0.09375
3 0.2247596153846154 0.5769230769230769 0.027644230769230782 0.08173076923076927
3 0.19591346153846156 0.5817307692307693 0.03605769230769232 0.09975961538461542
3 0.8653846153846154 0.5588942307692307 0.04086538461538458 0.11418269230769229
