2 0.890625 0.23918269230769232 0.11538461538461539 0.23798076923076922
2 0.6490384615384616 0.2668269230769231 0.08413461538461539 0.16105769230769232
2 0.5564903846153846 0.30288461538461536 0.125 0.2283653846153846
2 0.19591346153846154 0.31009615384615385 0.12379807692307693 0.23557692307692307
2 0.3713942307692308 0.33413461538461536 0.10336538461538461 0.17668269230769232
2 0.052884615384615384 0.3762019230769231 0.09495192307692307 0.171875
3 0.6875 0.4567307692307692 0.18389423076923078 0.5721153846153846
3 0.8894230769230769 0.5637019230769231 0.21754807692307693 0.8641826923076923
3 0.5612980769230769 0.5769230769230769 0.29086538461538464 0.8125
3 0.18629807692307693 0.5973557692307693 0.2403846153846154 0.7764423076923077
3 0.3629807692307692 0.6069711538461539 0.18028846153846154 0.7295673076923077