2 0.4338942307692307 0.37620192307692313 0.05288461538461536 0.08774038461538464
2 0.5673076923076923 0.40384615384615385 0.050480769230769273 0.09254807692307693
2 0.32091346153846156 0.40625 0.04206730769230771 0.078125
2 0.6802884615384615 0.4338942307692307 0.043269230769230727 0.08173076923076922
2 0.7632211538461539 0.4338942307692307 0.04206730769230771 0.06850961538461536
2 0.8653846153846154 0.46875 0.04086538461538458 0.06610576923076922
2 0.7223557692307692 0.48076923076923084 0.027644230769230727 0.06129807692307693
2 0.8064903846153846 0.4855769230769231 0.030048076923076872 0.06370192307692302
3 0.3269230769230769 0.6009615384615383 0.125 0.4591346153846153
3 0.7608173076923077 0.6045673076923077 0.10576923076923073 0.421875
3 0.4326923076923077 0.6057692307692307 0.140625 0.5588942307692306
3 0.8725961538461539 0.609375 0.07932692307692313 0.34375
3 0.6802884615384617 0.6262019230769231 0.11778846153846156 0.4747596153846154
3 0.5588942307692308 0.6298076923076923 0.14423076923076927 0.5432692307692308
