3 0.21634615384615385 0.5348557692307693 0.1550480769230769 0.6177884615384615
3 0.38221153846153844 0.5384615384615384 0.1454326923076923 0.6634615384615385
3 0.5276442307692307 0.5288461538461539 0.16586538461538458 0.6730769230769231
3 0.7019230769230769 0.5264423076923077 0.17788461538461542 0.6682692307692308
3 0.8701923076923077 0.5420673076923077 0.16826923076923084 0.6875
5 0.22235576923076922 0.4495192307692307 0.11418269230769229 0.27043269230769224
5 0.38701923076923084 0.45072115384615385 0.12620192307692307 0.24879807692307687
5 0.5240384615384616 0.43389423076923084 0.13461538461538458 0.24399038461538464
5 0.6971153846153846 0.41346153846153844 0.13100961538461542 0.2295673076923077
5 0.8713942307692307 0.4447115384615385 0.140625 0.2692307692307693
6 0.234375 0.2608173076923077 0.058894230769230754 0.06850961538461542
6 0.37740384615384615 0.25961538461538464 0.06730769230769229 0.078125
6 0.5216346153846154 0.24639423076923075 0.06610576923076922 0.06850961538461536
6 0.6862980769230769 0.2512019230769231 0.07451923076923073 0.07331730769230771
6 0.8629807692307694 0.24879807692307693 0.06610576923076927 0.06610576923076925
