2 0.019230769230769232 0.3004807692307692 0.030048076923076924 0.042067307692307696
5 0.12740384615384615 0.36658653846153844 0.10096153846153846 0.13581730769230768
5 0.28846153846153844 0.36899038461538464 0.08173076923076923 0.11538461538461539
5 0.43028846153846156 0.3894230769230769 0.16346153846153846 0.23798076923076922
5 0.6778846153846154 0.41225961538461536 0.19230769230769232 0.27163461538461536
3 0.2956730769230769 0.4254807692307692 0.09014423076923077 0.3545673076923077
3 0.2283653846153846 0.43149038461538464 0.09014423076923077 0.27163461538461536
3 0.13221153846153846 0.4543269230769231 0.12139423076923077 0.41346153846153844
5 0.8533653846153846 0.4651442307692308 0.1814903846153846 0.31971153846153844
3 0.6670673076923077 0.5456730769230769 0.1971153846153846 0.7572115384615384
3 0.4411057692307692 0.5576923076923077 0.2127403846153846 0.7908653846153846
3 0.84375 0.59375 0.20673076923076922 0.8088942307692307