0 0.0829326923076923 0.7067307692307693 0.10576923076923077 0.057692307692307696
0 0.3293269230769231 0.7584134615384616 0.07451923076923077 0.04567307692307692
0 0.46274038461538464 0.6754807692307693 0.07451923076923077 0.05048076923076923
0 0.7980769230769231 0.5444711538461539 0.06610576923076923 0.042067307692307696
0 0.9699519230769231 0.5973557692307693 0.036057692307692304 0.055288461538461536
5 0.3112980769230769 0.8653846153846154 0.15504807692307693 0.14543269230769232
3 0.0889423076923077 0.8317307692307693 0.15264423076923078 0.32211538461538464
3 0.3112980769230769 0.8545673076923077 0.21995192307692307 0.234375
3 0.4543269230769231 0.8137019230769231 0.1935096153846154 0.35336538461538464
3 0.8052884615384616 0.6947115384615384 0.19471153846153846 0.3329326923076923
3 0.9338942307692307 0.7199519230769231 0.10817307692307693 0.3161057692307692