4 0.2932692307692308 0.38822115384615385 0.12860576923076925 0.13942307692307693
4 0.5240384615384616 0.4723557692307692 0.06129807692307687 0.06610576923076927
4 0.8713942307692307 0.46875 0.05769230769230771 0.06610576923076922
4 0.4014423076923077 0.49278846153846156 0.03125 0.03846153846153849
4 0.4567307692307693 0.5132211538461539 0.027644230769230782 0.030048076923076872
4 0.7776442307692306 0.483173076923077 0.038461538461538436 0.04567307692307693
4 0.5901442307692307 0.59375 0.04567307692307687 0.058894230769230727
0 0.04326923076923077 0.47596153846153844 0.046875 0.03725961538461536
7 0.36538461538461536 0.4495192307692307 0.04206730769230771 0.07692307692307693
3 0.05048076923076923 0.6538461538461539 0.078125 0.40745192307692313
3 0.13942307692307693 0.6670673076923077 0.11057692307692307 0.453125
3 0.29927884615384615 0.6550480769230769 0.28004807692307687 0.6153846153846154
3 0.5168269230769231 0.7163461538461539 0.11899038461538458 0.5637019230769231
3 0.38221153846153844 0.5829326923076923 0.09855769230769229 0.36298076923076916
3 0.46634615384615385 0.6129807692307693 0.07331730769230771 0.25120192307692313
3 0.6971153846153846 0.7259615384615384 0.17307692307692302 0.4927884615384615
3 0.7896634615384616 0.6358173076923077 0.09495192307692313 0.3689903846153846
3 0.8629807692307694 0.5300480769230769 0.11298076923076927 0.19110576923076916
3 0.9122596153846154 0.7211538461538461 0.1670673076923077 0.5264423076923077
2 0.16105769230769232 0.47596153846153844 0.0625 0.09375
2 0.9242788461538461 0.5060096153846154 0.07331730769230771 0.12379807692307698
