6 0.16947115384615385 0.4026442307692308 0.18028846153846156 0.14903846153846156
6 0.3762019230769231 0.3329326923076923 0.10096153846153844 0.08413461538461542
6 0.47716346153846156 0.37259615384615385 0.05528846153846151 0.04807692307692307
6 0.6790865384615384 0.3161057692307692 0.1610576923076923 0.18870192307692304
6 0.8233173076923077 0.4122596153846153 0.109375 0.10817307692307693
5 0.16346153846153846 0.7283653846153846 0.23918269230769235 0.37860576923076916
5 0.36177884615384615 0.5084134615384616 0.1322115384615385 0.2115384615384615
5 0.4879807692307693 0.46754807692307687 0.07932692307692313 0.10937499999999994
5 0.6730769230769231 0.6947115384615383 0.311298076923077 0.4903846153846153
5 0.8509615384615385 0.6033653846153846 0.14903846153846156 0.251201923076923
3 0.17067307692307693 0.6622596153846154 0.23798076923076925 0.6550480769230769
3 0.3653846153846154 0.6502403846153846 0.16586538461538464 0.6947115384615383
3 0.4831730769230769 0.5432692307692308 0.12139423076923073 0.4254807692307693
3 0.6658653846153846 0.6045673076923077 0.3173076923076923 0.7848557692307692
3 0.8197115384615383 0.6418269230769231 0.16826923076923073 0.5997596153846154
