0 0.6610576923076923 0.4411057692307693 0.14423076923076916 0.15745192307692313
1 0.6322115384615384 0.5288461538461539 0.0625 0.04807692307692313
0 0.49639423076923084 0.5697115384615384 0.10336538461538464 0.09495192307692313
1 0.49158653846153844 0.6237980769230769 0.06730769230769229 0.05649038461538458
3 0.6730769230769231 0.6730769230769231 0.2139423076923077 0.6502403846153846
5 0.8100961538461537 0.6947115384615384 0.038461538461538436 0.08894230769230771
3 0.8161057692307693 0.7259615384615384 0.07211538461538458 0.21754807692307687
3 0.49399038461538464 0.7512019230769231 0.23317307692307698 0.4951923076923077
5 0.6706730769230769 0.8004807692307693 0.22235576923076916 0.3954326923076923
5 0.5192307692307693 0.8425480769230769 0.1826923076923077 0.30889423076923084
