6 0.06971153846153846 0.19110576923076922 0.057692307692307696 0.1141826923076923
6 0.29927884615384615 0.23317307692307693 0.057692307692307696 0.1141826923076923
6 0.9122596153846154 0.14182692307692307 0.06971153846153846 0.07932692307692307
6 0.6658653846153846 0.45072115384615385 0.05889423076923077 0.11778846153846154
5 0.7043269230769231 0.7331730769230769 0.16346153846153846 0.38461538461538464
5 0.11778846153846154 0.3076923076923077 0.12980769230769232 0.2692307692307692
5 0.3918269230769231 0.3112980769230769 0.13701923076923078 0.19110576923076922
5 0.9098557692307693 0.3581730769230769 0.11778846153846154 0.3016826923076923
3 0.11538461538461539 0.3581730769230769 0.15625 0.4639423076923077
3 0.3629807692307692 0.2932692307692308 0.1935096153846154 0.24879807692307693
3 0.7199519230769231 0.6862980769230769 0.1971153846153846 0.5985576923076923
3 0.9122596153846154 0.4362980769230769 0.16105769230769232 0.671875