3 0.18028846153846154 0.7199519230769231 0.18269230769230768 0.5576923076923077
3 0.34615384615384615 0.6778846153846154 0.15504807692307693 0.4987980769230769
3 0.5504807692307693 0.6526442307692307 0.11899038461538461 0.30528846153846156
3 0.6262019230769231 0.6502403846153846 0.109375 0.2776442307692308
3 0.6899038461538461 0.6237980769230769 0.0733173076923077 0.19831730769230768
3 0.7247596153846154 0.5805288461538461 0.0673076923076923 0.14903846153846154
3 0.9603365384615384 0.6213942307692307 0.04567307692307692 0.08413461538461539
3 0.9483173076923077 0.5661057692307693 0.040865384615384616 0.051682692307692304
5 0.1814903846153846 0.6622596153846154 0.15264423076923078 0.2548076923076923
5 0.9519230769230769 0.5721153846153846 0.03245192307692308 0.03125
5 0.33774038461538464 0.5865384615384616 0.0985576923076923 0.17548076923076922
6 0.17908653846153846 0.47596153846153844 0.09254807692307693 0.06129807692307692
6 0.5408653846153846 0.5216346153846154 0.037259615384615384 0.036057692307692304
6 0.5949519230769231 0.5360576923076923 0.042067307692307696 0.046875
6 0.6730769230769231 0.5552884615384616 0.036057692307692304 0.046875
6 0.7091346153846154 0.5240384615384616 0.02403846153846154 0.021634615384615384