6 0.4326923076923077 0.37740384615384615 0.1658653846153846 0.17067307692307693
7 0.7740384615384616 0.40024038461538464 0.19951923076923078 0.16346153846153846
1 0.7319711538461539 0.4182692307692308 0.0889423076923077 0.0673076923076923
7 0.6430288461538461 0.45072115384615385 0.16346153846153846 0.13942307692307693
1 0.6177884615384616 0.4963942307692308 0.09375 0.06370192307692307
3 0.4110576923076923 0.6418269230769231 0.29086538461538464 0.7127403846153846
3 0.8064903846153846 0.6526442307692307 0.28125 0.6887019230769231
3 0.15264423076923078 0.6550480769230769 0.3016826923076923 0.6875
3 0.6081730769230769 0.6887019230769231 0.15985576923076922 0.6201923076923077
5 0.4254807692307692 0.765625 0.2548076923076923 0.4495192307692308
5 0.8052884615384616 0.7800480769230769 0.27163461538461536 0.4375
5 0.16706730769230768 0.8040865384615384 0.30649038461538464 0.36778846153846156
5 0.625 0.8112980769230769 0.1622596153846154 0.3125