6 0.7487980769230769 0.20793269230769232 0.0889423076923077 0.12139423076923077
6 0.5949519230769231 0.41586538461538464 0.025240384615384616 0.038461538461538464
6 0.38221153846153844 0.38100961538461536 0.04326923076923077 0.042067307692307696
6 0.41586538461538464 0.41346153846153844 0.021634615384615384 0.030048076923076924
6 0.6105769230769231 0.38100961538461536 0.014423076923076924 0.030048076923076924
5 0.3545673076923077 0.44350961538461536 0.05048076923076923 0.1141826923076923
5 0.3954326923076923 0.4567307692307692 0.040865384615384616 0.09014423076923077
5 0.6201923076923077 0.4543269230769231 0.05048076923076923 0.07211538461538461
5 0.8401442307692307 0.36538461538461536 0.2512019230769231 0.3329326923076923
3 0.36538461538461536 0.49399038461538464 0.06850961538461539 0.2800480769230769
3 0.4026442307692308 0.49278846153846156 0.057692307692307696 0.203125
3 0.6153846153846154 0.49759615384615385 0.06370192307692307 0.20192307692307693
3 0.8473557692307693 0.5072115384615384 0.2932692307692308 0.7235576923076923
1 0.7439903846153846 0.25721153846153844 0.04807692307692308 0.042067307692307696