7 0.23317307692307693 0.6262019230769231 0.027644230769230754 0.030048076923076872
7 0.29927884615384615 0.6057692307692308 0.03245192307692307 0.034855769230769273
7 0.32451923076923084 0.6322115384615384 0.025240384615384637 0.030048076923076872
7 0.38221153846153844 0.5865384615384616 0.030048076923076927 0.03725961538461542
7 0.45192307692307687 0.6033653846153846 0.03485576923076922 0.04086538461538458
7 0.5192307692307694 0.6310096153846154 0.024038461538461564 0.027644230769230727
7 0.5841346153846154 0.6262019230769231 0.02644230769230771 0.03125
7 0.6286057692307693 0.6213942307692307 0.02644230769230771 0.030048076923076872
7 0.6899038461538461 0.6213942307692307 0.030048076923076872 0.03245192307692313
7 0.765625 0.5949519230769231 0.034855769230769273 0.043269230769230727
7 0.8978365384615383 0.6081730769230769 0.038461538461538436 0.034855769230769273
3 0.9002403846153846 0.7223557692307693 0.07692307692307698 0.2704326923076923
3 0.7632211538461539 0.71875 0.09254807692307687 0.296875
3 0.6983173076923077 0.7283653846153846 0.06610576923076927 0.2548076923076923
3 0.6322115384615384 0.7247596153846154 0.06129807692307687 0.2451923076923077
3 0.5865384615384617 0.7259615384615384 0.08173076923076927 0.25120192307692313
3 0.5216346153846154 0.7271634615384617 0.05889423076923078 0.24278846153846156
3 0.4495192307692308 0.7247596153846154 0.06730769230769229 0.28846153846153844
3 0.3762019230769231 0.7211538461538461 0.08894230769230771 0.31129807692307687
3 0.326923076923077 0.7307692307692306 0.04086538461538464 0.23076923076923073
3 0.28846153846153844 0.7295673076923077 0.05769230769230771 0.2872596153846154
3 0.22475961538461542 0.7283653846153846 0.07812500000000003 0.26201923076923084
