2 0.9783653846153846 0.23557692307692307 0.040865384615384616 0.25600961538461536
2 0.7908653846153846 0.2764423076923077 0.109375 0.1935096153846154
2 0.8689903846153846 0.30528846153846156 0.057692307692307696 0.10817307692307693
2 0.6153846153846154 0.3401442307692308 0.05889423076923077 0.0985576923076923
2 0.47596153846153844 0.38221153846153844 0.04326923076923077 0.0829326923076923
2 0.3918269230769231 0.39663461538461536 0.07211538461538461 0.1310096153846154
2 0.30649038461538464 0.4074519230769231 0.046875 0.08173076923076923
2 0.1778846153846154 0.4326923076923077 0.046875 0.09014423076923077
2 0.08173076923076923 0.4326923076923077 0.052884615384615384 0.09014423076923077
3 0.6394230769230769 0.5685096153846154 0.16706730769230768 0.5576923076923077
3 0.49278846153846156 0.5733173076923077 0.12139423076923077 0.4807692307692308
3 0.8425480769230769 0.5853365384615384 0.3004807692307692 0.7956730769230769
3 0.19471153846153846 0.5925480769230769 0.13221153846153846 0.4338942307692308
3 0.31009615384615385 0.5997596153846154 0.11057692307692307 0.4651442307692308
3 0.09014423076923077 0.6418269230769231 0.1346153846153846 0.5108173076923077
3 0.4110576923076923 0.6598557692307693 0.15985576923076922 0.6514423076923077