2 0.6322115384615384 0.4495192307692308 0.04807692307692308 0.08413461538461539
2 0.22956730769230768 0.4639423076923077 0.056490384615384616 0.08774038461538461
2 0.5793269230769231 0.47596153846153844 0.04326923076923077 0.08173076923076923
2 0.359375 0.47716346153846156 0.03485576923076923 0.0733173076923077
2 0.4495192307692308 0.4831730769230769 0.04567307692307692 0.07932692307692307
2 0.09615384615384616 0.4891826923076923 0.042067307692307696 0.08173076923076923
2 0.13942307692307693 0.49278846153846156 0.051682692307692304 0.09735576923076923
2 0.2692307692307692 0.49399038461538464 0.046875 0.06850961538461539
2 0.3112980769230769 0.4951923076923077 0.03485576923076923 0.078125
3 0.5841346153846154 0.6346153846153846 0.0889423076923077 0.4266826923076923
3 0.3786057692307692 0.6574519230769231 0.1045673076923077 0.40024038461538464
3 0.06850961538461539 0.6598557692307693 0.08653846153846154 0.4675480769230769
3 0.6550480769230769 0.6682692307692307 0.10336538461538461 0.4963942307692308
3 0.4579326923076923 0.6706730769230769 0.11899038461538461 0.4387019230769231
3 0.3125 0.6778846153846154 0.056490384615384616 0.4110576923076923
3 0.24278846153846154 0.6983173076923077 0.07211538461538461 0.5372596153846154
3 0.1466346153846154 0.7223557692307693 0.140625 0.5504807692307693