7 0.22235576923076922 0.2127403846153846 0.10336538461538461 0.125
7 0.34375 0.19591346153846154 0.08173076923076923 0.0889423076923077
7 0.4338942307692308 0.15745192307692307 0.08774038461538461 0.10336538461538461
7 0.5072115384615384 0.16105769230769232 0.08774038461538461 0.078125
5 0.20192307692307693 0.4206730769230769 0.15985576923076922 0.30528846153846156
5 0.3088942307692308 0.4230769230769231 0.12980769230769232 0.3269230769230769
5 0.47836538461538464 0.34134615384615385 0.16346153846153846 0.27403846153846156
3 0.2127403846153846 0.5540865384615384 0.18269230769230768 0.8016826923076923
3 0.3245192307692308 0.5432692307692307 0.16826923076923078 0.7704326923076923
3 0.47836538461538464 0.5180288461538461 0.1971153846153846 0.8293269230769231
3 0.5192307692307693 0.49399038461538464 0.1141826923076923 0.7608173076923077