3 0.6153846153846154 0.19110576923076922 0.12019230769230771 0.266826923076923
3 0.23798076923076922 0.1971153846153846 0.10817307692307696 0.27524038461538464
3 0.8834134615384615 0.2091346153846154 0.16346153846153844 0.3088942307692308
2 0.140625 0.2127403846153846 0.09375 0.14663461538461536
3 0.46514423076923084 0.21514423076923078 0.11899038461538464 0.296875
2 0.6911057692307693 0.23197115384615385 0.08413461538461542 0.1298076923076923
3 0.6959134615384616 0.35096153846153844 0.15504807692307687 0.375
3 0.4230769230769231 0.3557692307692308 0.14903846153846156 0.405048076923077
3 0.12860576923076922 0.358173076923077 0.19711538461538458 0.41105769230769235
2 0.3233173076923077 0.4170673076923077 0.13461538461538458 0.25
2 0.6826923076923077 0.042067307692307696 0.058894230769230727 0.078125
2 0.5973557692307693 0.421875 0.12019230769230771 0.17788461538461542
3 0.6310096153846154 0.6081730769230769 0.26923076923076916 0.5108173076923077
3 0.3245192307692308 0.609375 0.28846153846153844 0.6213942307692308
2 0.2283653846153846 0.11057692307692307 0.07692307692307693 0.12860576923076922
2 0.8713942307692308 0.11057692307692307 0.08653846153846156 0.10576923076923078
2 0.4567307692307693 0.11778846153846154 0.05889423076923078 0.09975961538461538
2 0.6286057692307694 0.11778846153846154 0.06610576923076927 0.11418269230769229
