5 0.5769230769230769 0.2932692307692308 0.1514423076923077 0.251201923076923
5 0.7596153846153846 0.4723557692307692 0.11899038461538458 0.21153846153846156
5 0.4014423076923077 0.2247596153846154 0.09975961538461542 0.19951923076923078
5 0.8185096153846154 0.6454326923076923 0.11418269230769229 0.19350961538461542
3 0.4026442307692307 0.2283653846153846 0.11538461538461536 0.3581730769230769
3 0.5841346153846154 0.4338942307692307 0.16225961538461542 0.7079326923076923
3 0.5036057692307693 0.21995192307692307 0.10096153846153849 0.18389423076923075
3 0.7512019230769231 0.5504807692307692 0.14423076923076916 0.4435096153846153
3 0.8269230769230769 0.685096153846154 0.17788461538461542 0.30528846153846156
2 0.484375 0.19831730769230768 0.05288461538461542 0.09735576923076922
2 0.4158653846153847 0.09014423076923077 0.04326923076923078 0.07451923076923075
2 0.5889423076923077 0.11899038461538461 0.0625 0.07692307692307693
2 0.7848557692307693 0.39302884615384615 0.04567307692307687 0.09495192307692307
