7 0.296875 0.6971153846153846 0.04086538461538464 0.06370192307692302
7 0.49639423076923084 0.59375 0.04567307692307693 0.058894230769230727
7 0.6862980769230769 0.7199519230769231 0.038461538461538436 0.04567307692307687
5 0.2451923076923077 0.7427884615384616 0.07812500000000003 0.11899038461538458
5 0.4807692307692307 0.6887019230769231 0.08413461538461536 0.1358173076923077
5 0.7067307692307692 0.7824519230769231 0.07451923076923073 0.10096153846153844
3 0.2127403846153846 0.8004807692307694 0.18870192307692307 0.3221153846153847
3 0.3269230769230769 0.8185096153846154 0.0625 0.20673076923076916
3 0.4783653846153846 0.7427884615384615 0.12860576923076916 0.3713942307692307
3 0.7175480769230769 0.8088942307692308 0.140625 0.2536057692307693
