3 0.266826923076923 0.5564903846153846 0.22475961538461536 0.671875
3 0.5060096153846154 0.7259615384615385 0.19951923076923084 0.3377403846153847
3 0.6658653846153846 0.6009615384615384 0.20673076923076916 0.5829326923076923
3 0.8197115384615384 0.6766826923076923 0.16225961538461542 0.39423076923076916
5 0.22836538461538458 0.45072115384615385 0.12019230769230768 0.2115384615384615
5 0.4855769230769231 0.6850961538461539 0.12139423076923073 0.1514423076923077
5 0.658653846153846 0.46634615384615385 0.13221153846153844 0.2115384615384615
7 0.2295673076923077 0.27163461538461536 0.07812500000000003 0.08653846153846156
7 0.6021634615384616 0.37740384615384615 0.06129807692307687 0.10817307692307693
6 0.5456730769230769 0.6033653846153846 0.078125 0.09495192307692302
