5 0.19110576923076922 0.5084134615384616 0.17307692307692304 0.3016826923076923
5 0.344951923076923 0.49038461538461536 0.13581730769230765 0.25721153846153844
5 0.46274038461538464 0.47115384615384615 0.12139423076923073 0.21995192307692313
5 0.6009615384615384 0.4627403846153846 0.1358173076923077 0.22956730769230765
5 0.8052884615384616 0.49879807692307687 0.13461538461538458 0.25360576923076916
7 0.22475961538461536 0.27764423076923084 0.10456730769230768 0.07211538461538464
7 0.3713942307692308 0.30649038461538464 0.07331730769230771 0.078125
7 0.4495192307692308 0.29927884615384615 0.078125 0.07331730769230771
7 0.5745192307692306 0.2848557692307693 0.09014423076923073 0.07211538461538464
7 0.7992788461538461 0.2908653846153846 0.09855769230769229 0.07692307692307693
3 0.17548076923076922 0.6081730769230769 0.2139423076923077 0.7620192307692308
3 0.3377403846153846 0.5949519230769231 0.15504807692307693 0.6550480769230769
3 0.4747596153846154 0.5865384615384616 0.18750000000000006 0.6887019230769231
3 0.6141826923076923 0.5841346153846154 0.19110576923076916 0.7043269230769231
3 0.8209134615384616 0.6033653846153846 0.23317307692307687 0.7403846153846154
