3 0.1045673076923077 0.6310096153846154 0.20673076923076922 0.7199519230769231
3 0.27283653846153844 0.625 0.13221153846153846 0.5661057692307693
3 0.33413461538461536 0.5913461538461539 0.18389423076923078 0.6550480769230769
3 0.4807692307692308 0.6009615384615384 0.2824519230769231 0.71875
3 0.7067307692307693 0.5721153846153846 0.27163461538461536 0.8329326923076923
3 0.8798076923076923 0.5721153846153846 0.23798076923076922 0.8401442307692307
4 0.14182692307692307 0.3449519230769231 0.1466346153846154 0.13701923076923078
4 0.5216346153846154 0.32211538461538464 0.1466346153846154 0.1778846153846154
7 0.28846153846153844 0.3918269230769231 0.09975961538461539 0.1141826923076923
7 0.38221153846153844 0.33653846153846156 0.109375 0.12860576923076922
7 0.6658653846153846 0.23918269230769232 0.13942307692307693 0.14423076923076922
7 0.8882211538461539 0.24639423076923078 0.21754807692307693 0.18870192307692307
5 0.71875 0.5865384615384616 0.203125 0.43149038461538464
5 0.9026442307692307 0.6899038461538461 0.1935096153846154 0.5985576923076923