3 0.16346153846153846 0.5216346153846154 0.21995192307692307 0.6201923076923077
3 0.36658653846153844 0.5168269230769231 0.2295673076923077 0.6502403846153846
3 0.5084134615384616 0.46033653846153844 0.20192307692307687 0.5552884615384615
3 0.6478365384615384 0.4014423076923077 0.2548076923076923 0.5252403846153846
3 0.8425480769230769 0.37740384615384615 0.2139423076923077 0.4951923076923077
7 0.15504807692307693 0.2752403846153847 0.1189903846153846 0.11899038461538464
7 0.34615384615384615 0.25600961538461536 0.10817307692307693 0.109375
7 0.467548076923077 0.22235576923076922 0.08774038461538464 0.08173076923076925
7 0.6057692307692306 0.19110576923076922 0.10576923076923073 0.10817307692307693
7 0.7992788461538463 0.19230769230769232 0.08653846153846156 0.10576923076923078
