7 0.4362980769230769 0.09735576923076923 0.0673076923076923 0.0985576923076923
7 0.328125 0.5372596153846154 0.06610576923076923 0.09375
7 0.5264423076923077 0.8040865384615384 0.0625 0.15504807692307693
5 0.20072115384615385 0.4387019230769231 0.13942307692307693 0.2860576923076923
5 0.4483173076923077 0.3137019230769231 0.12139423076923077 0.3076923076923077
5 0.609375 0.8617788461538461 0.11538461538461539 0.18269230769230768
5 0.359375 0.6105769230769231 0.09735576923076923 0.13701923076923078
3 0.1971153846153846 0.5612980769230769 0.14182692307692307 0.6598557692307693
3 0.35096153846153844 0.6658653846153846 0.14903846153846154 0.35336538461538464
3 0.4483173076923077 0.4651442307692308 0.17548076923076922 0.8317307692307693
3 0.6045673076923077 0.8305288461538461 0.23798076923076922 0.21995192307692307
2 0.234375 0.2764423076923077 0.046875 0.08774038461538461