5 0.7932692307692307 0.921875 0.04567307692307692 0.07211538461538461
5 0.9783653846153846 0.9362980769230769 0.03125 0.06850961538461539
4 0.6418269230769231 0.8557692307692307 0.02403846153846154 0.020432692307692308
4 0.7331730769230769 0.9086538461538461 0.025240384615384616 0.030048076923076924
4 0.8341346153846154 0.8822115384615384 0.026442307692307692 0.020432692307692308
3 0.40865384615384615 0.8882211538461539 0.020432692307692308 0.09495192307692307
3 0.43028846153846156 0.8882211538461539 0.03245192307692308 0.09254807692307693
3 0.6370192307692307 0.9194711538461539 0.04807692307692308 0.15745192307692307
3 0.7103365384615384 0.9423076923076923 0.0733173076923077 0.11298076923076923
3 0.7908653846153846 0.9230769230769231 0.04807692307692308 0.13942307692307693
3 0.8401442307692307 0.9338942307692307 0.06971153846153846 0.12620192307692307