5 0.6658653846153846 0.34975961538461536 0.10096153846153846 0.055288461538461536
3 0.6622596153846154 0.375 0.12620192307692307 0.15625
5 0.47115384615384615 0.8341346153846154 0.0733173076923077 0.0625
5 0.5300480769230769 0.8461538461538461 0.055288461538461536 0.0673076923076923
5 0.7716346153846154 0.8581730769230769 0.07692307692307693 0.07692307692307693
3 0.4723557692307692 0.8677884615384616 0.09735576923076923 0.18870192307692307
5 0.5949519230769231 0.8762019230769231 0.0829326923076923 0.07451923076923077
3 0.7572115384615384 0.8762019230769231 0.09735576923076923 0.17548076923076922
3 0.5276442307692307 0.8822115384615384 0.07211538461538461 0.171875
3 0.5889423076923077 0.8846153846153846 0.10336538461538461 0.15745192307692307
3 0.8197115384615384 0.890625 0.07692307692307693 0.1466346153846154
5 0.828125 0.8918269230769231 0.056490384615384616 0.08774038461538461