7 0.6694711538461539 0.4254807692307692 0.07692307692307687 0.0625
7 0.4903846153846154 0.43149038461538464 0.051682692307692346 0.06730769230769229
0 0.1045673076923077 0.46274038461538464 0.06850961538461539 0.06730769230769229
7 0.04567307692307691 0.46634615384615385 0.08653846153846154 0.10456730769230771
5 0.48677884615384615 0.5841346153846154 0.11057692307692313 0.20913461538461542
5 0.6694711538461539 0.6069711538461539 0.12620192307692313 0.2427884615384615
3 0.12019230769230771 0.6502403846153846 0.10937500000000001 0.467548076923077
3 0.4783653846153846 0.6730769230769231 0.10937499999999994 0.546875
3 0.6658653846153846 0.6875 0.16346153846153844 0.5901442307692308
5 0.07211538461538461 0.7019230769230769 0.12980769230769235 0.3329326923076923
