7 0.39302884615384615 0.22475961538461542 0.07331730769230771 0.08293269230769232
7 0.4471153846153846 0.22596153846153844 0.05288461538461536 0.07211538461538458
7 0.5492788461538461 0.30528846153846156 0.06129807692307687 0.06370192307692307
7 0.5384615384615384 0.24639423076923078 0.04807692307692313 0.0480769230769231
7 0.65625 0.28966346153846156 0.046875 0.04807692307692307
7 0.6778846153846154 0.27163461538461536 0.034855769230769273 0.06370192307692304
7 0.5588942307692307 0.5396634615384616 0.05649038461538458 0.07932692307692313
7 0.6478365384615384 0.5192307692307693 0.06370192307692313 0.06610576923076922
6 0.7644230769230769 0.5192307692307693 0.06610576923076927 0.06370192307692313
6 0.8088942307692308 0.2776442307692308 0.06610576923076927 0.05168269230769229
6 0.8978365384615384 0.3173076923076923 0.06370192307692313 0.07211538461538458
6 0.7451923076923077 0.27524038461538464 0.050480769230769273 0.0625
6 0.7427884615384616 0.27524038461538464 0.046875 0.06370192307692304
6 0.5036057692307693 0.24879807692307693 0.030048076923076872 0.05649038461538461
6 0.4807692307692308 0.20673076923076922 0.03605769230769229 0.043269230769230754
5 0.3810096153846153 0.44471153846153844 0.14663461538461536 0.2740384615384615
5 0.4735576923076923 0.46153846153846156 0.04086538461538464 0.19711538461538458
5 0.5456730769230769 0.45072115384615385 0.09254807692307698 0.17067307692307687
5 0.6526442307692308 0.44951923076923084 0.09735576923076927 0.19711538461538464
5 0.7980769230769231 0.46033653846153844 0.11538461538461542 0.2139423076923077
5 0.8990384615384616 0.5096153846153846 0.12620192307692313 0.2391826923076923
5 0.46634615384615385 0.7956730769230769 0.17067307692307687 0.3076923076923077
5 0.7848557692307693 0.6971153846153846 0.140625 0.2608173076923077
5 0.6550480769230769 0.6971153846153846 0.109375 0.21274038461538458
3 0.376201923076923 0.5769230769230769 0.16706730769230765 0.7884615384615383
3 0.44591346153846156 0.39302884615384615 0.06730769230769229 0.4170673076923077
3 0.47596153846153844 0.2644230769230769 0.03125 0.15504807692307696
3 0.5072115384615384 0.2776442307692308 0.04086538461538458 0.11418269230769229
3 0.5408653846153846 0.25600961538461536 0.05168269230769229 0.07692307692307696
3 0.5432692307692307 0.407451923076923 0.09855769230769229 0.25480769230769224
3 0.6598557692307693 0.40384615384615385 0.11057692307692313 0.28004807692307687
3 0.7331730769230769 0.38221153846153844 0.09014423076923073 0.28004807692307687
3 0.796875 0.4182692307692307 0.12139423076923073 0.33894230769230765
3 0.8894230769230769 0.6153846153846154 0.11057692307692302 0.6550480769230769
3 0.6586538461538461 0.7067307692307693 0.10456730769230771 0.4447115384615385
3 0.564903846153846 0.6634615384615384 0.10096153846153844 0.3822115384615385
3 0.7740384615384616 0.7127403846153846 0.15745192307692313 0.467548076923077
3 0.49278846153846156 0.7536057692307692 0.21754807692307687 0.4807692307692307
