6 0.30288461538461536 0.20673076923076922 0.03125 0.05048076923076923
6 0.49399038461538464 0.35216346153846156 0.026442307692307692 0.038461538461538464
6 0.5865384615384616 0.23798076923076922 0.026442307692307692 0.036057692307692304
5 0.33052884615384615 0.2439903846153846 0.051682692307692304 0.0625
5 0.5132211538461539 0.3894230769230769 0.038461538461538464 0.06850961538461539
5 0.5913461538461539 0.2980769230769231 0.036057692307692304 0.07932692307692307
5 0.7439903846153846 0.38461538461538464 0.040865384615384616 0.04807692307692308
3 0.33413461538461536 0.2704326923076923 0.09735576923076923 0.171875
3 0.5132211538461539 0.4338942307692308 0.09254807692307693 0.203125
3 0.5877403846153846 0.3557692307692308 0.057692307692307696 0.2644230769230769
3 0.7451923076923077 0.4230769230769231 0.056490384615384616 0.15985576923076922