3 0.17067307692307693 0.6610576923076923 0.12620192307692307 0.6466346153846154
3 0.21274038461538458 0.6141826923076923 0.10937499999999997 0.5504807692307692
3 0.3713942307692307 0.5456730769230769 0.11538461538461536 0.4591346153846154
3 0.4026442307692308 0.5144230769230769 0.05168269230769229 0.40625
3 0.4338942307692308 0.5204326923076923 0.07331730769230771 0.4122596153846154
3 0.46875 0.49399038461538464 0.08413461538461542 0.420673076923077
3 0.5252403846153846 0.4723557692307692 0.08293269230769229 0.3713942307692307
3 0.7512019230769231 0.5192307692307693 0.15264423076923084 0.6213942307692306
3 0.9182692307692307 0.46153846153846156 0.12620192307692313 0.46875
5 0.15985576923076922 0.5733173076923077 0.0997596153846154 0.28485576923076916
5 0.3557692307692308 0.4723557692307693 0.078125 0.15745192307692313
5 0.42908653846153844 0.4627403846153846 0.06370192307692307 0.17788461538461536
5 0.467548076923077 0.43870192307692313 0.05889423076923078 0.17187500000000006
5 0.5144230769230769 0.42908653846153844 0.06129807692307687 0.14182692307692307
5 0.7668269230769231 0.4254807692307692 0.09855769230769229 0.21153846153846156
5 0.9050480769230769 0.38701923076923084 0.08413461538461542 0.16105769230769235
4 0.15985576923076922 0.3762019230769231 0.07692307692307693 0.06971153846153844
4 0.3497596153846153 0.358173076923077 0.04807692307692307 0.06129807692307693
4 0.43028846153846156 0.33653846153846156 0.03605769230769229 0.05528846153846151
4 0.4567307692307692 0.313701923076923 0.03125 0.05288461538461536
4 0.5216346153846154 0.3185096153846154 0.02644230769230771 0.04567307692307693
4 0.4014423076923077 0.3317307692307692 0.03125 0.03605769230769229
4 0.7487980769230769 0.2548076923076923 0.06610576923076927 0.08173076923076925
4 0.8870192307692307 0.27163461538461536 0.05168269230769229 0.07692307692307696
