1 0.4423076923076923 0.3161057692307693 0.10336538461538458 0.07211538461538464
7 0.17788461538461542 0.3317307692307692 0.21875000000000003 0.18028846153846156
7 0.8701923076923077 0.3389423076923077 0.22235576923076916 0.140625
7 0.6802884615384616 0.36778846153846156 0.18629807692307687 0.1514423076923077
1 0.8137019230769231 0.4098557692307693 0.07692307692307698 0.07932692307692307
1 0.23918269230769232 0.41947115384615385 0.05649038461538464 0.05168269230769229
1 0.6442307692307693 0.4567307692307692 0.10456730769230771 0.05769230769230771
3 0.42067307692307687 0.5637019230769231 0.31249999999999994 0.8689903846153846
3 0.18629807692307693 0.6105769230769231 0.3125 0.7692307692307692
3 0.8737980769230769 0.6322115384615384 0.25 0.7295673076923077
3 0.6634615384615384 0.6394230769230769 0.21995192307692313 0.71875
5 0.43028846153846156 0.703125 0.28125 0.5841346153846154
5 0.8713942307692307 0.7548076923076923 0.25120192307692313 0.45673076923076916
5 0.18629807692307693 0.7644230769230769 0.3125 0.4423076923076923
5 0.6778846153846154 0.7716346153846154 0.22475961538461542 0.4375
6 0.453125 0.2295673076923077 0.20673076923076916 0.17788461538461542
