2 0.17548076923076922 0.23557692307692307 0.14423076923076922 0.25
2 0.7151442307692307 0.33774038461538464 0.07451923076923077 0.15264423076923078
2 0.6189903846153846 0.3425480769230769 0.08653846153846154 0.18629807692307693
2 0.5625 0.35096153846153844 0.04326923076923077 0.11057692307692307
2 0.8329326923076923 0.36778846153846156 0.052884615384615384 0.11057692307692307
2 0.44350961538461536 0.36899038461538464 0.055288461538461536 0.1141826923076923
2 0.3581730769230769 0.3762019230769231 0.07451923076923077 0.1658653846153846
3 0.17307692307692307 0.5384615384615384 0.3076923076923077 0.875
3 0.6490384615384616 0.6201923076923077 0.21514423076923078 0.734375
3 0.8305288461538461 0.6370192307692307 0.15504807692307693 0.6514423076923077
3 0.4675480769230769 0.6418269230769231 0.1502403846153846 0.6550480769230769
3 0.3605769230769231 0.6454326923076923 0.1971153846153846 0.7067307692307693