3 0.4591346153846154 0.37740384615384615 0.06129807692307693 0.08894230769230771
3 0.5120192307692307 0.3966346153846154 0.05769230769230771 0.09495192307692307
0 0.7908653846153846 0.3125 0.05649038461538458 0.07451923076923078
6 0.8617788461538461 0.3966346153846153 0.06129807692307687 0.08173076923076922
6 0.8942307692307693 0.328125 0.0625 0.078125
5 0.4519230769230769 0.5072115384615384 0.10096153846153844 0.2115384615384615
5 0.5216346153846154 0.5564903846153846 0.09735576923076922 0.22475961538461542
5 0.8040865384615384 0.40745192307692313 0.10817307692307687 0.15745192307692307
5 0.9206730769230769 0.5324519230769231 0.12019230769230771 0.22235576923076916
5 0.9387019230769231 0.43870192307692313 0.08293269230769229 0.18149038461538464
3 0.451923076923077 0.5913461538461539 0.11057692307692313 0.5300480769230769
3 0.5168269230769231 0.6346153846153846 0.10096153846153849 0.5637019230769231
3 0.8052884615384616 0.38942307692307687 0.12019230769230771 0.24519230769230765
3 0.8870192307692307 0.5661057692307692 0.16225961538461542 0.4182692307692307
3 0.9206730769230769 0.40985576923076916 0.11899038461538458 0.26923076923076916
