7 0.18028846153846154 0.3076923076923077 0.04326923076923077 0.05889423076923077
7 0.4639423076923077 0.32211538461538464 0.046875 0.046875
7 0.5324519230769231 0.2764423076923077 0.046875 0.037259615384615384
6 0.27403846153846156 0.2608173076923077 0.038461538461538464 0.040865384615384616
5 0.2932692307692308 0.34975961538461536 0.06370192307692307 0.11298076923076923
5 0.453125 0.4411057692307692 0.08173076923076923 0.16105769230769232
5 0.5456730769230769 0.3713942307692308 0.07932692307692307 0.12139423076923077
3 0.14423076923076922 0.4074519230769231 0.11538461538461539 0.28125
5 0.15144230769230768 0.3737980769230769 0.078125 0.125
3 0.2956730769230769 0.39783653846153844 0.09735576923076923 0.3233173076923077
3 0.4495192307692308 0.4987980769230769 0.11538461538461539 0.40024038461538464
3 0.5456730769230769 0.42788461538461536 0.09975961538461539 0.3557692307692308