4 0.15985576923076922 0.38461538461538464 0.07692307692307693 0.0673076923076923
4 0.3125 0.4519230769230769 0.04326923076923077 0.046875
4 0.3317307692307692 0.4362980769230769 0.036057692307692304 0.037259615384615384
4 0.5793269230769231 0.43028846153846156 0.04326923076923077 0.03485576923076923
4 0.6490384615384616 0.4495192307692308 0.05048076923076923 0.04807692307692308
6 0.234375 0.43990384615384615 0.05048076923076923 0.04807692307692308
6 0.40865384615384615 0.4519230769230769 0.036057692307692304 0.038461538461538464
6 0.4855769230769231 0.4338942307692308 0.04326923076923077 0.037259615384615384
6 0.7391826923076923 0.43509615384615385 0.05889423076923077 0.04807692307692308
6 0.8377403846153846 0.43990384615384615 0.06610576923076923 0.042067307692307696
3 0.13341346153846154 0.6442307692307693 0.14182692307692307 0.6081730769230769
3 0.23557692307692307 0.6346153846153846 0.10817307692307693 0.43149038461538464
3 0.3088942307692308 0.6213942307692307 0.08653846153846154 0.3942307692307692
3 0.3485576923076923 0.5925480769230769 0.06610576923076923 0.3713942307692308
3 0.4074519230769231 0.5961538461538461 0.0829326923076923 0.33653846153846156
3 0.4831730769230769 0.5865384615384616 0.08413461538461539 0.3641826923076923
3 0.5733173076923077 0.5925480769230769 0.09014423076923077 0.3713942307692308
3 0.6610576923076923 0.6045673076923077 0.09735576923076923 0.390625
3 0.7403846153846154 0.6213942307692307 0.09975961538461539 0.4543269230769231
3 0.8401442307692307 0.6526442307692307 0.1466346153846154 0.4855769230769231