5 0.17427884615384615 0.6574519230769231 0.038461538461538464 0.06730769230769229
5 0.25 0.6189903846153846 0.02163461538461539 0.050480769230769273
5 0.313701923076923 0.6129807692307693 0.03725961538461536 0.05769230769230771
7 0.17307692307692307 0.6009615384615384 0.019230769230769246 0.02644230769230771
4 0.2536057692307692 0.5853365384615385 0.02043269230769229 0.024038461538461564
0 0.42548076923076916 0.5673076923076923 0.016826923076923073 0.019230769230769273
7 0.5432692307692307 0.454326923076923 0.016826923076923128 0.016826923076923073
3 0.17427884615384615 0.6838942307692307 0.055288461538461536 0.1923076923076923
3 0.25600961538461536 0.6370192307692307 0.043269230769230754 0.14182692307692313
3 0.31009615384615385 0.6478365384615384 0.03846153846153849 0.15745192307692313
3 0.4230769230769231 0.6117788461538461 0.046875 0.12019230769230771
3 0.546875 0.4951923076923077 0.046875 0.11298076923076922
