6 0.23317307692307693 0.47596153846153844 0.09254807692307696 0.09014423076923078
6 0.18389423076923078 0.4987980769230769 0.058894230769230754 0.08653846153846156
6 0.326923076923077 0.5228365384615384 0.07211538461538464 0.08293269230769229
6 0.37740384615384615 0.5048076923076923 0.06971153846153849 0.09014423076923078
6 0.498798076923077 0.49399038461538464 0.06730769230769235 0.08173076923076927
6 0.7091346153846154 0.45072115384615385 0.06370192307692302 0.08293269230769229
5 0.7163461538461539 0.6466346153846154 0.1298076923076923 0.234375
3 0.2199519230769231 0.7127403846153846 0.14543269230769235 0.5588942307692308
3 0.32692307692307687 0.734375 0.11298076923076922 0.5060096153846154
3 0.40504807692307687 0.7223557692307693 0.12860576923076922 0.5384615384615385
3 0.5240384615384616 0.7223557692307693 0.16586538461538458 0.5516826923076923
3 0.7115384615384616 0.6995192307692307 0.1826923076923077 0.5973557692307694
