7 0.4651442307692308 0.6225961538461539 0.09014423076923077 0.055288461538461536
7 0.5805288461538461 0.625 0.051682692307692304 0.046875
7 0.7536057692307693 0.5913461538461539 0.078125 0.030048076923076924
7 0.9447115384615384 0.6105769230769231 0.10817307692307693 0.046875
5 0.5480769230769231 0.7091346153846154 0.1466346153846154 0.12980769230769232
5 0.7620192307692307 0.6814903846153846 0.11538461538461539 0.12379807692307693
5 0.9555288461538461 0.7223557692307693 0.08653846153846154 0.1466346153846154
3 0.4855769230769231 0.7908653846153846 0.2932692307692308 0.39663461538461536
3 0.6153846153846154 0.6959134615384616 0.125 0.17668269230769232
3 0.7560096153846154 0.7307692307692307 0.12620192307692307 0.31850961538461536
3 0.9110576923076923 0.7692307692307693 0.17548076923076922 0.40024038461538464
3 0.5649038461538461 0.6177884615384616 0.055288461538461536 0.06610576923076923