2 0.39663461538461536 0.31490384615384615 0.07331730769230771 0.1418269230769231
2 0.3028846153846154 0.3185096153846153 0.07451923076923078 0.11298076923076922
2 0.6682692307692307 0.32692307692307687 0.07211538461538458 0.13942307692307693
2 0.49278846153846156 0.328125 0.08413461538461542 0.1682692307692308
2 0.8125 0.3377403846153846 0.11538461538461542 0.22475961538461536
3 0.5048076923076923 0.6177884615384616 0.140625 0.75
3 0.8341346153846154 0.6177884615384616 0.1923076923076923 0.75
3 0.40865384615384615 0.6177884615384616 0.11418269230769229 0.734375
3 0.29567307692307687 0.6225961538461539 0.13581730769230765 0.7235576923076923
3 0.6814903846153846 0.6237980769230769 0.13942307692307698 0.7307692307692308
