6 0.7536057692307693 0.3858173076923077 0.1298076923076923 0.11538461538461542
6 0.42427884615384615 0.2331730769230769 0.09495192307692307 0.08413461538461536
6 0.13942307692307693 0.11538461538461539 0.18389423076923078 0.18269230769230765
0 0.2403846153846154 0.24639423076923078 0.09254807692307693 0.13701923076923075
5 0.21514423076923078 0.5348557692307694 0.12620192307692304 0.4254807692307693
5 0.421875 0.5300480769230769 0.20913461538461542 0.36298076923076916
5 0.7644230769230769 0.7139423076923077 0.1983173076923077 0.421875
3 0.11778846153846154 0.5036057692307693 0.23076923076923078 0.9759615384615385
3 0.22956730769230768 0.5805288461538461 0.16586538461538464 0.8197115384615385
3 0.43629807692307687 0.5889423076923077 0.25360576923076916 0.8028846153846154
3 0.7439903846153846 0.6514423076923077 0.21995192307692302 0.671875
