6 0.3894230769230769 0.24278846153846154 0.13581730769230768 0.15625
7 0.6370192307692307 0.24519230769230768 0.14543269230769232 0.140625
1 0.37740384615384615 0.3076923076923077 0.09495192307692307 0.08173076923076923
1 0.6334134615384616 0.3137019230769231 0.0985576923076923 0.05889423076923077
6 0.5096153846153846 0.43028846153846156 0.15504807692307693 0.125
1 0.5060096153846154 0.5108173076923077 0.09375 0.05889423076923077
3 0.27403846153846156 0.5649038461538461 0.3269230769230769 0.8425480769230769
3 0.6899038461538461 0.5769230769230769 0.2668269230769231 0.8221153846153846
5 0.3088942307692308 0.6514423076923077 0.27163461538461536 0.5721153846153846
3 0.5060096153846154 0.6790865384615384 0.2283653846153846 0.6201923076923077
5 0.6899038461538461 0.7079326923076923 0.22956730769230768 0.5408653846153846
5 0.5072115384615384 0.8112980769230769 0.22355769230769232 0.3629807692307692