3 0.18269230769230768 0.5204326923076923 0.34975961538461536 0.9338942307692308
3 0.49759615384615385 0.47235576923076916 0.42067307692307687 0.890625
3 0.8233173076923077 0.421875 0.34735576923076916 0.7439903846153846
5 0.15504807692307693 0.5901442307692307 0.296875 0.5793269230769231
5 0.4579326923076923 0.5012019230769231 0.4002403846153846 0.5432692307692308
5 0.8341346153846154 0.5552884615384615 0.326923076923077 0.4026442307692307
7 0.20552884615384615 0.13701923076923078 0.2704326923076923 0.18028846153846156
7 0.8786057692307693 0.16346153846153846 0.2295673076923077 0.17307692307692307
6 0.48197115384615385 0.11899038461538461 0.23557692307692313 0.19711538461538464
1 0.26322115384615385 0.2620192307692308 0.08653846153846151 0.050480769230769246
1 0.4435096153846154 0.21153846153846156 0.15264423076923084 0.05288461538461539
1 0.8701923076923077 0.2548076923076923 0.15985576923076916 0.050480769230769246
