3 0.15144230769230768 0.5817307692307693 0.2127403846153846 0.8161057692307693
3 0.31971153846153844 0.5552884615384616 0.15625 0.8473557692307693
3 0.4699519230769231 0.5480769230769231 0.19230769230769232 0.8677884615384616
3 0.6177884615384616 0.5504807692307693 0.17067307692307693 0.8822115384615384
3 0.78125 0.5372596153846154 0.203125 0.9110576923076923
3 0.9002403846153846 0.39302884615384615 0.09735576923076923 0.3485576923076923
3 0.06490384615384616 0.39302884615384615 0.051682692307692304 0.09495192307692307
3 0.11177884615384616 0.37740384615384615 0.030048076923076924 0.0673076923076923
3 0.07692307692307693 0.38100961538461536 0.027644230769230768 0.09014423076923077
6 0.17067307692307693 0.23557692307692307 0.12379807692307693 0.13221153846153846
6 0.3317307692307692 0.1971153846153846 0.10096153846153846 0.1346153846153846
6 0.49278846153846156 0.17908653846153846 0.10336538461538461 0.13942307692307693
6 0.6105769230769231 0.20432692307692307 0.0985576923076923 0.1310096153846154
6 0.7776442307692307 0.1502403846153846 0.11538461538461539 0.13701923076923078
6 0.8966346153846154 0.27163461538461536 0.078125 0.12139423076923077
7 0.057692307692307696 0.35096153846153844 0.019230769230769232 0.038461538461538464
7 0.11177884615384616 0.3581730769230769 0.020432692307692308 0.030048076923076924
7 0.07451923076923077 0.3557692307692308 0.01201923076923077 0.025240384615384616