3 0.24278846153846154 0.33774038461538464 0.13942307692307693 0.467548076923077
3 0.376201923076923 0.2932692307692308 0.12860576923076922 0.4182692307692307
3 0.4987980769230769 0.3161057692307693 0.13221153846153844 0.42668269230769235
3 0.7223557692307693 0.39663461538461536 0.12379807692307687 0.405048076923077
3 0.8846153846153846 0.4735576923076923 0.11057692307692302 0.3689903846153846
3 0.9615384615384616 0.4411057692307692 0.07331730769230771 0.33653846153846156
7 0.4098557692307692 0.11899038461538461 0.06971153846153844 0.07211538461538462
7 0.49278846153846156 0.14543269230769232 0.06610576923076922 0.07211538461538462
7 0.7127403846153846 0.22596153846153846 0.055288461538461564 0.06971153846153849
7 0.9110576923076923 0.33052884615384615 0.050480769230769273 0.08653846153846151
2 0.23317307692307693 0.14423076923076922 0.04206730769230771 0.06129807692307693
