7 0.27524038461538464 0.07572115384615384 0.1658653846153846 0.13581730769230768
7 0.7740384615384616 0.12980769230769232 0.3112980769230769 0.2247596153846154
7 0.2824519230769231 0.6262019230769231 0.2644230769230769 0.2512019230769231
7 0.8605769230769231 0.6370192307692307 0.23557692307692307 0.171875
3 0.22596153846153846 0.24759615384615385 0.4375 0.4362980769230769
3 0.7692307692307693 0.25961538461538464 0.4495192307692308 0.47475961538461536
3 0.25600961538461536 0.7512019230769231 0.4483173076923077 0.49399038461538464
3 0.7704326923076923 0.7692307692307693 0.4026442307692308 0.43028846153846156
1 0.7331730769230769 0.2247596153846154 0.19951923076923078 0.0889423076923077
1 0.8161057692307693 0.6887019230769231 0.09375 0.051682692307692304
1 0.2848557692307692 0.13822115384615385 0.04326923076923077 0.036057692307692304
1 0.29447115384615385 0.7331730769230769 0.057692307692307696 0.038461538461538464