6 0.14903846153846154 0.11778846153846154 0.140625 0.140625
6 0.6574519230769231 0.17067307692307693 0.14182692307692307 0.15745192307692307
7 0.3870192307692308 0.18509615384615385 0.14182692307692307 0.15504807692307693
7 0.8810096153846154 0.18870192307692307 0.17067307692307693 0.171875
5 0.12860576923076922 0.5504807692307693 0.24278846153846154 0.5552884615384616
5 0.36658653846153844 0.6057692307692307 0.24519230769230768 0.5168269230769231
5 0.6442307692307693 0.6201923076923077 0.23557692307692307 0.5661057692307693
5 0.8762019230769231 0.6790865384615384 0.24519230769230768 0.6358173076923077
3 0.1502403846153846 0.5192307692307693 0.265625 0.9362980769230769
3 0.3737980769230769 0.5528846153846154 0.2776442307692308 0.875
3 0.6370192307692307 0.5456730769230769 0.2548076923076923 0.890625
3 0.8653846153846154 0.5396634615384616 0.25600961538461536 0.9134615384615384