5 0.10817307692307693 0.44711538461538464 0.11057692307692307 0.2403846153846154
5 0.2860576923076923 0.4495192307692308 0.15264423076923078 0.30528846153846156
5 0.5625 0.4230769230769231 0.109375 0.27524038461538464
5 0.7127403846153846 0.37740384615384615 0.11778846153846154 0.3016826923076923
5 0.8245192307692307 0.421875 0.1141826923076923 0.2932692307692308
3 0.11538461538461539 0.5865384615384616 0.17548076923076922 0.7391826923076923
3 0.2980769230769231 0.5757211538461539 0.19951923076923078 0.7704326923076923
3 0.5504807692307693 0.5745192307692307 0.16105769230769232 0.7800480769230769
3 0.7127403846153846 0.5204326923076923 0.12980769230769232 0.7776442307692307
3 0.8461538461538461 0.5588942307692307 0.17668269230769232 0.8173076923076923
3 0.9014423076923077 0.6838942307692307 0.125 0.46274038461538464
2 0.5625 0.2283653846153846 0.056490384615384616 0.0889423076923077
2 0.2776442307692308 0.2403846153846154 0.052884615384615384 0.0889423076923077
2 0.7307692307692307 0.18028846153846154 0.06129807692307692 0.0985576923076923
2 0.8605769230769231 0.22115384615384615 0.078125 0.1045673076923077