0 0.06971153846153846 0.296875 0.08653846153846154 0.08413461538461539
0 0.2980769230769231 0.2764423076923077 0.06850961538461539 0.08774038461538461
6 0.36899038461538464 0.203125 0.09495192307692307 0.10336538461538461
6 0.5492788461538461 0.23317307692307693 0.0889423076923077 0.09375
6 0.8689903846153846 0.19110576923076922 0.08173076923076923 0.109375
3 0.06009615384615385 0.6225961538461539 0.1141826923076923 0.7427884615384616
3 0.2704326923076923 0.6021634615384616 0.11298076923076923 0.7644230769230769
3 0.3605769230769231 0.5757211538461539 0.12620192307692307 0.8293269230769231
3 0.5853365384615384 0.5817307692307693 0.21995192307692307 0.8233173076923077
3 0.7788461538461539 0.5757211538461539 0.17067307692307693 0.7980769230769231
3 0.8918269230769231 0.5637019230769231 0.16105769230769232 0.8485576923076923
3 0.14543269230769232 0.5456730769230769 0.056490384615384616 0.18870192307692307
3 0.9627403846153846 0.5528846153846154 0.06971153846153846 0.484375