2 0.18990384615384615 0.3713942307692308 0.08894230769230771 0.171875
2 0.8533653846153846 0.4098557692307693 0.06129807692307687 0.10336538461538464
2 0.4675480769230769 0.4266826923076923 0.038461538461538436 0.08173076923076922
2 0.5853365384615384 0.4266826923076923 0.04567307692307687 0.08173076923076922
2 0.30528846153846156 0.42908653846153844 0.027644230769230782 0.06971153846153849
2 0.6911057692307693 0.43028846153846156 0.05649038461538458 0.08774038461538458
2 0.3389423076923077 0.4338942307692307 0.04326923076923078 0.08413461538461536
3 0.8533653846153846 0.6033653846153846 0.15625 0.4903846153846154
3 0.703125 0.609375 0.125 0.453125
3 0.37139423076923084 0.6201923076923077 0.15264423076923078 0.44951923076923084
3 0.49158653846153844 0.6201923076923077 0.11418269230769229 0.44951923076923084
3 0.5853365384615384 0.625 0.12620192307692313 0.4903846153846154
3 0.19471153846153846 0.6322115384615384 0.21514423076923078 0.7067307692307694
