3 0.2536057692307692 0.5709134615384616 0.11418269230769229 0.3233173076923077
3 0.4435096153846154 0.5564903846153846 0.10576923076923078 0.16826923076923084
3 0.6814903846153846 0.49879807692307687 0.10096153846153844 0.2752403846153846
3 0.8028846153846154 0.4747596153846153 0.10096153846153844 0.28605769230769224
3 0.8557692307692308 0.4591346153846154 0.06610576923076927 0.22355769230769235
0 0.24879807692307693 0.44471153846153844 0.058894230769230754 0.05889423076923078
0 0.4807692307692307 0.49879807692307687 0.03485576923076922 0.046874999999999944
4 0.6586538461538461 0.39903846153846156 0.04206730769230771 0.05889423076923078
4 0.8052884615384616 0.35216346153846156 0.030048076923076872 0.04206730769230771
4 0.8485576923076923 0.3942307692307692 0.02524038461538458 0.046875
