7 0.3473557692307692 0.27524038461538464 0.07451923076923077 0.10096153846153846
7 0.4387019230769231 0.21153846153846154 0.07211538461538461 0.09014423076923077
7 0.5012019230769231 0.28725961538461536 0.06850961538461539 0.0889423076923077
7 0.5961538461538461 0.28125 0.0829326923076923 0.10336538461538461
7 0.6754807692307693 0.24639423076923078 0.0673076923076923 0.109375
7 0.8713942307692307 0.2764423076923077 0.0673076923076923 0.09375
5 0.33413461538461536 0.45913461538461536 0.14903846153846154 0.23076923076923078
5 0.49038461538461536 0.5012019230769231 0.16706730769230768 0.2800480769230769
5 0.6262019230769231 0.4807692307692308 0.140625 0.25721153846153844
3 0.3293269230769231 0.5997596153846154 0.16346153846153846 0.7548076923076923
3 0.43028846153846156 0.3004807692307692 0.09735576923076923 0.2800480769230769
3 0.4723557692307692 0.6177884615384616 0.13701923076923078 0.7391826923076923
3 0.6177884615384616 0.609375 0.1502403846153846 0.7620192307692307
3 0.6923076923076923 0.5865384615384616 0.1310096153846154 0.7776442307692307
3 0.8677884615384616 0.6045673076923077 0.15625 0.7692307692307693
3 0.0985576923076923 0.6995192307692307 0.1935096153846154 0.5637019230769231
3 0.9651442307692307 0.6033653846153846 0.06610576923076923 0.6454326923076923
3 0.24879807692307693 0.41586538461538464 0.055288461538461536 0.3245192307692308