3 0.09495192307692307 0.6887019230769231 0.16225961538461542 0.5673076923076923
3 0.2355769230769231 0.6971153846153846 0.18149038461538464 0.6033653846153846
3 0.3545673076923077 0.6875 0.15264423076923078 0.578125
5 0.10096153846153846 0.5949519230769231 0.1490384615384615 0.24038461538461542
5 0.2379807692307692 0.6694711538461539 0.17788461538461536 0.3233173076923077
5 0.35216346153846156 0.6033653846153846 0.1358173076923077 0.2572115384615384
6 0.11298076923076923 0.4254807692307692 0.055288461538461536 0.055288461538461564
6 0.21995192307692307 0.4314903846153847 0.078125 0.07451923076923078
6 0.342548076923077 0.4435096153846153 0.05649038461538464 0.05288461538461536
6 0.30288461538461536 0.47596153846153844 0.03125 0.025240384615384637
