5 0.30528846153846156 0.6009615384615384 0.04807692307692308 0.07692307692307693
5 0.43990384615384615 0.5985576923076923 0.04567307692307692 0.078125
5 0.5685096153846154 0.6189903846153846 0.056490384615384616 0.0829326923076923
5 0.6814903846153846 0.5252403846153846 0.036057692307692304 0.05048076923076923
5 0.5276442307692307 0.6153846153846154 0.025240384615384616 0.03485576923076923
3 0.3016826923076923 0.6225961538461539 0.078125 0.17307692307692307
3 0.44350961538461536 0.6358173076923077 0.05889423076923077 0.20673076923076922
3 0.5204326923076923 0.6598557692307693 0.05889423076923077 0.13581730769230768
3 0.5637019230769231 0.6430288461538461 0.06971153846153846 0.18028846153846154
3 0.6790865384615384 0.5456730769230769 0.04807692307692308 0.14543269230769232
2 0.44591346153846156 0.5444711538461539 0.030048076923076924 0.026442307692307692
2 0.5637019230769231 0.5649038461538461 0.020432692307692308 0.02403846153846154