6 0.7055288461538461 0.16105769230769232 0.2704326923076923 0.24639423076923078
6 0.12259615384615384 0.1778846153846154 0.24278846153846154 0.23798076923076922
6 0.5252403846153846 0.28725961538461536 0.1935096153846154 0.16105769230769232
1 0.6262019230769231 0.3245192307692308 0.09375 0.0985576923076923
1 0.16105769230769232 0.3269230769230769 0.09014423076923077 0.10336538461538461
6 0.2920673076923077 0.3641826923076923 0.16826923076923078 0.16826923076923078
1 0.49399038461538464 0.41346153846153844 0.14182692307692307 0.1045673076923077
1 0.28365384615384615 0.49038461538461536 0.15144230769230768 0.09975961538461539
3 0.7848557692307693 0.4987980769230769 0.42788461538461536 0.9495192307692307
3 0.12259615384615384 0.5324519230769231 0.21754807692307693 0.8942307692307693
3 0.5012019230769231 0.5745192307692307 0.24519230769230768 0.7644230769230769
3 0.2848557692307692 0.6286057692307693 0.23317307692307693 0.7067307692307693