3 0.19110576923076922 0.546875 0.11418269230769229 0.4435096153846154
3 0.4495192307692308 0.5588942307692307 0.10576923076923073 0.4134615384615385
3 0.40384615384615385 0.5372596153846154 0.06971153846153849 0.3653846153846154
3 0.6598557692307693 0.5625 0.12379807692307687 0.4747596153846154
3 0.7283653846153846 0.5192307692307692 0.08413461538461542 0.3870192307692307
3 0.8713942307692308 0.6189903846153846 0.22235576923076927 0.7151442307692308
3 0.9651442307692308 0.5432692307692307 0.06610576923076927 0.421875
4 0.18870192307692307 0.37139423076923084 0.06610576923076925 0.08774038461538464
4 0.451923076923077 0.3701923076923077 0.06370192307692307 0.046875
4 0.40384615384615385 0.3942307692307693 0.05168269230769229 0.06370192307692307
4 0.6574519230769231 0.35096153846153844 0.05769230769230771 0.04567307692307693
4 0.8737980769230769 0.3112980769230769 0.09254807692307698 0.08653846153846156
