1 0.16947115384615385 0.33653846153846156 0.12379807692307693 0.10456730769230771
1 0.49399038461538464 0.3653846153846154 0.11298076923076927 0.08774038461538464
5 0.15264423076923078 0.7019230769230769 0.295673076923077 0.4627403846153846
5 0.5360576923076923 0.7620192307692307 0.34014423076923084 0.4639423076923077
5 0.8245192307692307 0.6923076923076923 0.34495192307692313 0.6057692307692308
3 0.19471153846153844 0.5709134615384616 0.3485576923076923 0.8389423076923077
3 0.5012019230769231 0.5793269230769231 0.34375 0.7860576923076923
3 0.7752403846153846 0.5 0.4471153846153846 0.9651442307692308
2 0.13341346153846154 0.2704326923076923 0.1947115384615385 0.2379807692307692
2 0.5084134615384616 0.3473557692307692 0.1514423076923077 0.2860576923076923
2 0.7007211538461539 0.20552884615384615 0.29567307692307687 0.3798076923076923
