4 0.12860576923076922 0.4314903846153847 0.0625 0.07932692307692307
4 0.2956730769230769 0.4567307692307692 0.05769230769230771 0.05769230769230771
4 0.3689903846153847 0.4567307692307692 0.04086538461538464 0.07331730769230771
4 0.640625 0.43509615384615385 0.050480769230769273 0.04567307692307693
4 0.7355769230769231 0.4567307692307692 0.07692307692307698 0.08653846153846156
5 0.09975961538461539 0.5264423076923077 0.11298076923076922 0.17788461538461542
5 0.2403846153846154 0.5432692307692307 0.11778846153846151 0.15024038461538458
5 0.6610576923076923 0.53125 0.06610576923076927 0.11899038461538458
5 0.7956730769230769 0.5612980769230769 0.1358173076923077 0.17788461538461542
5 0.41466346153846156 0.5288461538461539 0.03245192307692307 0.05168269230769229
5 0.3942307692307693 0.5120192307692307 0.025240384615384637 0.05168269230769229
3 0.08413461538461539 0.6358173076923077 0.14543269230769235 0.5096153846153846
3 0.24879807692307693 0.6141826923076923 0.14182692307692304 0.3653846153846154
3 0.34735576923076916 0.5769230769230769 0.08413461538461536 0.3185096153846154
3 0.3966346153846154 0.5408653846153846 0.027644230769230782 0.15504807692307698
3 0.4182692307692307 0.5492788461538461 0.05288461538461536 0.1490384615384615
3 0.5661057692307693 0.6081730769230769 0.12379807692307687 0.2740384615384616
3 0.6550480769230769 0.5901442307692307 0.09855769230769229 0.37379807692307687
3 0.7836538461538461 0.6550480769230769 0.1923076923076923 0.5060096153846154
