3 0.07572115384615384 0.6814903846153846 0.06129807692307692 0.2512019230769231
3 0.1814903846153846 0.6850961538461539 0.07211538461538461 0.2644230769230769
3 0.2512019230769231 0.6754807692307693 0.07451923076923077 0.30288461538461536
3 0.3137019230769231 0.6682692307692307 0.0733173076923077 0.3161057692307692
3 0.46274038461538464 0.6706730769230769 0.1201923076923077 0.4050480769230769
3 0.6574519230769231 0.6706730769230769 0.15625 0.4831730769230769
3 0.9122596153846154 0.6382211538461539 0.15144230769230768 0.6826923076923077
0 0.875 0.3557692307692308 0.078125 0.10817307692307693
0 0.6334134615384616 0.46274038461538464 0.0673076923076923 0.078125
0 0.4362980769230769 0.4951923076923077 0.052884615384615384 0.06610576923076923
0 0.2980769230769231 0.5288461538461539 0.038461538461538464 0.036057692307692304
0 0.23798076923076922 0.5456730769230769 0.03245192307692308 0.03245192307692308
0 0.16706730769230768 0.5661057692307693 0.037259615384615384 0.03245192307692308
7 0.06370192307692307 0.5805288461538461 0.030048076923076924 0.030048076923076924