4 0.06610576923076923 0.39903846153846156 0.07932692307692307 0.0625
4 0.19951923076923078 0.38461538461538464 0.06850961538461539 0.07211538461538461
4 0.25961538461538464 0.34975961538461536 0.04807692307692308 0.07692307692307693
4 0.3317307692307692 0.3016826923076923 0.12620192307692307 0.125
4 0.4543269230769231 0.3557692307692308 0.0889423076923077 0.0889423076923077
4 0.5420673076923077 0.3786057692307692 0.06610576923076923 0.06971153846153846
4 0.6814903846153846 0.41225961538461536 0.057692307692307696 0.0625
3 0.07692307692307693 0.6105769230769231 0.15264423076923078 0.5192307692307693
3 0.1875 0.5793269230769231 0.08173076923076923 0.4699519230769231
3 0.23076923076923078 0.6394230769230769 0.10336538461538461 0.6814903846153846
3 0.33052884615384615 0.6057692307692307 0.21153846153846154 0.7487980769230769
3 0.43149038461538464 0.6358173076923077 0.13581730769230768 0.6814903846153846
3 0.53125 0.6394230769230769 0.09375 0.6286057692307693
3 0.5973557692307693 0.609375 0.05048076923076923 0.5096153846153846
3 0.7295673076923077 0.6105769230769231 0.203125 0.5