3 0.17067307692307693 0.5348557692307693 0.18870192307692307 0.7223557692307693
3 0.3004807692307692 0.5144230769230769 0.14423076923076922 0.8076923076923077
3 0.39903846153846156 0.4831730769230769 0.13221153846153846 0.8737980769230769
3 0.6514423076923077 0.5444711538461539 0.1346153846153846 0.5552884615384616
3 0.7800480769230769 0.5625 0.12379807692307693 0.625
3 0.8990384615384616 0.5925480769230769 0.07692307692307693 0.31971153846153844
3 0.9651442307692307 0.5697115384615384 0.0673076923076923 0.28846153846153844
3 0.7043269230769231 0.5841346153846154 0.046875 0.34375
5 0.2091346153846154 0.44471153846153844 0.08774038461538461 0.2403846153846154
5 0.30528846153846156 0.4098557692307692 0.13942307692307693 0.2620192307692308
5 0.4074519230769231 0.3786057692307692 0.109375 0.3605769230769231
5 0.5036057692307693 0.34134615384615385 0.140625 0.3605769230769231
5 0.6418269230769231 0.47475961538461536 0.09014423076923077 0.1875
5 0.7043269230769231 0.5276442307692307 0.051682692307692304 0.12860576923076922
5 0.7800480769230769 0.4519230769230769 0.10336538461538461 0.2091346153846154
5 0.8990384615384616 0.5336538461538461 0.05048076923076923 0.09495192307692307
5 0.9663461538461539 0.5288461538461539 0.04567307692307692 0.09254807692307693
7 0.20552884615384615 0.23677884615384615 0.06971153846153846 0.07932692307692307
7 0.28725961538461536 0.16346153846153846 0.08173076923076923 0.08413461538461539
7 0.4230769230769231 0.08413461538461539 0.08653846153846154 0.11538461538461539
7 0.6466346153846154 0.3293269230769231 0.052884615384615384 0.05889423076923077
7 0.7740384615384616 0.30408653846153844 0.052884615384615384 0.0733173076923077
7 0.8930288461538461 0.4675480769230769 0.030048076923076924 0.038461538461538464