7 0.42067307692307687 0.4014423076923077 0.08413461538461536 0.08774038461538458
7 0.5120192307692308 0.40264423076923084 0.019230769230769273 0.025240384615384637
3 0.41947115384615385 0.6009615384615384 0.2079326923076923 0.5072115384615385
3 0.5144230769230769 0.4543269230769231 0.03245192307692313 0.12860576923076927
3 0.6382211538461539 0.4567307692307692 0.03245192307692313 0.13221153846153844
3 0.6959134615384615 0.4675480769230769 0.06971153846153844 0.10096153846153844
3 0.7235576923076923 0.44471153846153844 0.043269230769230727 0.06129807692307693
7 0.6706730769230769 0.4314903846153847 0.019230769230769273 0.025240384615384637
4 0.6394230769230769 0.40384615384615385 0.02043269230769229 0.02043269230769229
4 0.313701923076923 0.46754807692307687 0.016826923076923073 0.019230769230769218
3 0.3245192307692307 0.49158653846153844 0.05048076923076922 0.09254807692307687
