2 0.5949519230769231 0.43149038461538464 0.05048076923076923 0.07932692307692307
2 0.20432692307692307 0.44471153846153844 0.038461538461538464 0.06850961538461539
2 0.7764423076923077 0.4519230769230769 0.056490384615384616 0.0829326923076923
2 0.3137019230769231 0.4543269230769231 0.03485576923076923 0.056490384615384616
2 0.6959134615384616 0.46033653846153844 0.042067307692307696 0.0673076923076923
2 0.4651442307692308 0.4699519230769231 0.03485576923076923 0.056490384615384616
2 0.07572115384615384 0.4831730769230769 0.030048076923076924 0.052884615384615384
2 0.9098557692307693 0.49158653846153844 0.042067307692307696 0.06370192307692307
3 0.20432692307692307 0.5985576923076923 0.11298076923076923 0.39663461538461536
3 0.07211538461538461 0.6045673076923077 0.08653846153846154 0.28725961538461536
3 0.30528846153846156 0.6045673076923077 0.10336538461538461 0.3557692307692308
3 0.9050480769230769 0.6153846153846154 0.109375 0.328125
3 0.4567307692307692 0.6177884615384616 0.09735576923076923 0.359375
3 0.6959134615384616 0.6322115384615384 0.10817307692307693 0.41225961538461536
3 0.6033653846153846 0.6394230769230769 0.12980769230769232 0.5096153846153846
3 0.7776442307692307 0.6478365384615384 0.12139423076923077 0.4735576923076923