4 0.030048076923076924 0.3485576923076923 0.06009615384615385 0.07211538461538461
4 0.05048076923076923 0.2980769230769231 0.05048076923076923 0.037259615384615384
4 0.4098557692307692 0.28966346153846156 0.036057692307692304 0.026442307692307692
4 0.5408653846153846 0.31971153846153844 0.051682692307692304 0.05889423076923077
4 0.6382211538461539 0.296875 0.055288461538461536 0.05889423076923077
4 0.8521634615384616 0.32211538461538464 0.0673076923076923 0.08413461538461539
3 0.057692307692307696 0.6045673076923077 0.11538461538461539 0.6370192307692307
3 0.23317307692307693 0.5408653846153846 0.17548076923076922 0.5420673076923077
3 0.34975961538461536 0.49278846153846156 0.109375 0.4026442307692308
3 0.3088942307692308 0.4495192307692308 0.07692307692307693 0.3762019230769231
3 0.4326923076923077 0.4495192307692308 0.109375 0.36538461538461536
3 0.5456730769230769 0.5048076923076923 0.125 0.4567307692307692
3 0.6274038461538461 0.4567307692307692 0.09254807692307693 0.3858173076923077
3 0.7091346153846154 0.6262019230769231 0.20192307692307693 0.6766826923076923
3 0.8473557692307693 0.5901442307692307 0.16346153846153846 0.6670673076923077