3 0.7379807692307693 0.49399038461538464 0.4675480769230769 0.9747596153846154
3 0.1622596153846154 0.5685096153846154 0.3112980769230769 0.8052884615384616
3 0.2980769230769231 0.4699519230769231 0.24519230769230768 0.6310096153846154
3 0.44471153846153844 0.35216346153846156 0.14903846153846154 0.24519230769230768
3 0.5793269230769231 0.33413461538461536 0.15144230769230768 0.22956730769230768
3 0.9242788461538461 0.41225961538461536 0.14903846153846154 0.41586538461538464
2 0.7463942307692307 0.15865384615384615 0.203125 0.3076923076923077
2 0.10096153846153846 0.27403846153846156 0.16346153846153846 0.234375
2 0.2620192307692308 0.234375 0.12139423076923077 0.1622596153846154
2 0.44471153846153844 0.3088942307692308 0.09735576923076923 0.140625
2 0.5865384615384616 0.3173076923076923 0.12980769230769232 0.1778846153846154
2 0.9399038461538461 0.28966346153846156 0.0985576923076923 0.15144230769230768