5 0.2764423076923077 0.6466346153846154 0.10336538461538458 0.17307692307692302
5 0.3762019230769231 0.5985576923076923 0.109375 0.16225961538461542
5 0.46153846153846156 0.6610576923076923 0.08774038461538458 0.16225961538461542
5 0.5480769230769231 0.5985576923076923 0.078125 0.09975961538461542
5 0.6454326923076923 0.6105769230769231 0.09975961538461542 0.13100961538461542
3 0.27403846153846156 0.7283653846153846 0.1286057692307692 0.498798076923077
3 0.3713942307692308 0.6995192307692307 0.109375 0.4735576923076923
3 0.4627403846153847 0.7295673076923077 0.09495192307692313 0.44110576923076916
3 0.5588942307692307 0.6971153846153846 0.1298076923076923 0.4314903846153846
3 0.65625 0.6947115384615385 0.13100961538461542 0.4411057692307693
6 0.28846153846153844 0.5036057692307693 0.0625 0.05769230769230771
6 0.38221153846153844 0.47596153846153844 0.05168269230769229 0.05048076923076922
6 0.4675480769230769 0.5324519230769231 0.05769230769230771 0.05288461538461542
6 0.546875 0.5 0.046875 0.04086538461538458
4 0.6478365384615384 0.5024038461538461 0.04567307692307687 0.03846153846153849
