6 0.3966346153846154 0.3028846153846154 0.04567307692307693 0.06129807692307693
4 0.6875 0.10576923076923077 0.12860576923076916 0.10336538461538461
5 0.7043269230769231 0.35096153846153844 0.18149038461538458 0.30048076923076916
5 0.3545673076923077 0.3629807692307692 0.07451923076923078 0.10456730769230771
3 0.360576923076923 0.4026442307692307 0.11298076923076922 0.25480769230769224
3 0.6911057692307693 0.5120192307692307 0.234375 0.9302884615384615
5 0.2704326923076923 0.38100961538461536 0.015625 0.03125
6 0.2764423076923077 0.35576923076923084 0.015625 0.012019230769230782
3 0.2764423076923077 0.3810096153846154 0.03125 0.07211538461538464
1 0.6838942307692308 0.14423076923076922 0.06610576923076927 0.04086538461538462
