6 0.23557692307692307 0.3918269230769231 0.08413461538461539 0.12620192307692307
6 0.17427884615384615 0.3317307692307692 0.0673076923076923 0.09375
6 0.35216346153846156 0.28846153846153844 0.06129807692307692 0.09495192307692307
6 0.4098557692307692 0.3161057692307692 0.0625 0.109375
6 0.5564903846153846 0.32091346153846156 0.06370192307692307 0.0733173076923077
6 0.7608173076923077 0.32091346153846156 0.08173076923076923 0.09495192307692307
4 0.040865384615384616 0.3173076923076923 0.08173076923076923 0.125
7 0.43149038461538464 0.2776442307692308 0.025240384615384616 0.037259615384615384
3 0.057692307692307696 0.6165865384615384 0.11538461538461539 0.7295673076923077
3 0.23317307692307693 0.6634615384615384 0.1346153846153846 0.6682692307692307
3 0.15745192307692307 0.6033653846153846 0.11298076923076923 0.6598557692307693
3 0.3293269230769231 0.5036057692307693 0.10096153846153846 0.4855769230769231
3 0.39903846153846156 0.6129807692307693 0.15144230769230768 0.7019230769230769
3 0.5540865384615384 0.6237980769230769 0.16706730769230768 0.7235576923076923
3 0.7463942307692307 0.6165865384615384 0.1875 0.7644230769230769