3 0.11298076923076923 0.265625 0.051682692307692304 0.1622596153846154
3 0.15865384615384615 0.3858173076923077 0.07692307692307693 0.31850961538461536
3 0.19471153846153846 0.25841346153846156 0.0673076923076923 0.12980769230769232
3 0.3112980769230769 0.4110576923076923 0.1141826923076923 0.28725961538461536
3 0.6033653846153846 0.6502403846153846 0.14423076923076922 0.5745192307692307
3 0.8449519230769231 0.38221153846153844 0.09735576923076923 0.43028846153846156
3 0.9002403846153846 0.2932692307692308 0.0625 0.24519230769230768
4 0.14783653846153846 0.2439903846153846 0.038461538461538464 0.04326923076923077
4 0.6105769230769231 0.40384615384615385 0.06129807692307692 0.07692307692307693
4 0.8449519230769231 0.19831730769230768 0.051682692307692304 0.05048076923076923
4 0.8990384615384616 0.21514423076923078 0.040865384615384616 0.0625
4 0.20432692307692307 0.21033653846153846 0.027644230769230768 0.026442307692307692