3 0.13221153846153846 0.43509615384615385 0.15985576923076922 0.7355769230769231
3 0.265625 0.4074519230769231 0.140625 0.5072115384615384
3 0.38461538461538464 0.3918269230769231 0.09975961538461539 0.5144230769230769
3 0.47596153846153844 0.4026442307692308 0.12980769230769232 0.5564903846153846
3 0.6634615384615384 0.36778846153846156 0.16105769230769232 0.5721153846153846
3 0.8978365384615384 0.42788461538461536 0.11778846153846154 0.8088942307692307
3 0.8689903846153846 0.3076923076923077 0.0733173076923077 0.296875
6 0.1502403846153846 0.12860576923076922 0.09495192307692307 0.10576923076923077
6 0.39783653846153844 0.16466346153846154 0.04807692307692308 0.06370192307692307
6 0.46153846153846156 0.18028846153846154 0.057692307692307696 0.0829326923076923
6 0.8677884615384616 0.19471153846153846 0.057692307692307696 0.0625
6 0.9206730769230769 0.08774038461538461 0.08653846153846154 0.10576923076923077
4 0.2692307692307692 0.19230769230769232 0.0889423076923077 0.07451923076923077
5 0.13822115384615385 0.3317307692307692 0.16706730769230768 0.3137019230769231
5 0.25600961538461536 0.33413461538461536 0.09254807692307693 0.17548076923076922
5 0.38822115384615385 0.30528846153846156 0.08653846153846154 0.1778846153846154
5 0.4675480769230769 0.296875 0.11298076923076923 0.1971153846153846
5 0.6622596153846154 0.2848557692307692 0.1310096153846154 0.20432692307692307
5 0.9098557692307693 0.34134615384615385 0.11057692307692307 0.3449519230769231
1 0.25961538461538464 0.21875 0.040865384615384616 0.025240384615384616
1 0.3954326923076923 0.19230769230769232 0.03485576923076923 0.025240384615384616