7 0.7932692307692307 0.25240384615384615 0.171875 0.18629807692307693
1 0.6418269230769231 0.3293269230769231 0.15144230769230768 0.09014423076923077
1 0.7788461538461539 0.3641826923076923 0.11057692307692307 0.07451923076923077
7 0.46153846153846156 0.3786057692307692 0.2283653846153846 0.23798076923076922
1 0.24278846153846154 0.3894230769230769 0.23557692307692307 0.1201923076923077
3 0.1935096153846154 0.5168269230769231 0.38100961538461536 0.9639423076923077
1 0.4723557692307692 0.5240384615384616 0.1778846153846154 0.0829326923076923
3 0.6165865384615384 0.5252403846153846 0.23557692307692307 0.9471153846153846
3 0.8257211538461539 0.5745192307692307 0.24278846153846154 0.8449519230769231
3 0.45552884615384615 0.6057692307692307 0.21394230769230768 0.7139423076923077
6 0.6177884615384616 0.19951923076923078 0.2091346153846154 0.21394230769230768
6 0.21153846153846154 0.2091346153846154 0.390625 0.33653846153846156