1 0.2764423076923077 0.25841346153846156 0.09735576923076925 0.03605769230769229
3 0.7884615384615384 0.29567307692307687 0.11057692307692313 0.24519230769230765
7 0.469951923076923 0.31009615384615385 0.13942307692307687 0.2175480769230769
5 0.7884615384615384 0.32572115384615385 0.07932692307692313 0.1706730769230769
3 0.2848557692307692 0.3954326923076923 0.3221153846153847 0.6814903846153846
5 0.2716346153846154 0.39783653846153844 0.19711538461538464 0.32692307692307687
1 0.49158653846153844 0.39783653846153844 0.06370192307692313 0.05528846153846151
5 0.6838942307692307 0.436298076923077 0.2764423076923077 0.41105769230769235
3 0.6382211538461539 0.5877403846153846 0.4639423076923077 0.8088942307692308
7 0.2764423076923077 0.15985576923076922 0.1370192307692308 0.1766826923076923
0 0.7872596153846154 0.21153846153846156 0.050480769230769273 0.055288461538461536
