0 0.10576923076923077 0.1814903846153846 0.08173076923076923 0.0985576923076923
0 0.7536057692307693 0.14182692307692307 0.06610576923076923 0.09254807692307693
6 0.6430288461538461 0.140625 0.06129807692307692 0.078125
6 0.8257211538461539 0.43509615384615385 0.06370192307692307 0.0733173076923077
5 0.09975961538461539 0.43509615384615385 0.1622596153846154 0.3425480769230769
5 0.6298076923076923 0.36778846153846156 0.12860576923076922 0.2800480769230769
5 0.7620192307692307 0.34975961538461536 0.13581730769230768 0.28125
5 0.8521634615384616 0.6237980769230769 0.12980769230769232 0.25
3 0.12379807692307693 0.5552884615384616 0.23076923076923078 0.8581730769230769
3 0.6298076923076923 0.46274038461538464 0.13701923076923078 0.7427884615384616
3 0.7728365384615384 0.46033653846153844 0.14543269230769232 0.7451923076923077
3 0.8317307692307693 0.6502403846153846 0.18269230769230768 0.49038461538461536