6 0.11899038461538461 0.3762019230769231 0.11778846153846152 0.125
6 0.2247596153846154 0.33653846153846156 0.08653846153846151 0.10336538461538458
0 0.36658653846153844 0.36899038461538464 0.09254807692307693 0.09855769230769229
6 0.53125 0.3810096153846154 0.10336538461538458 0.12139423076923078
6 0.6310096153846154 0.3497596153846153 0.10336538461538458 0.09975961538461536
0 0.7295673076923077 0.4158653846153846 0.10336538461538458 0.12379807692307693
6 0.7992788461538461 0.3341346153846154 0.12620192307692313 0.12620192307692307
5 0.35817307692307687 0.6370192307692307 0.17548076923076922 0.3509615384615385
5 0.5192307692307693 0.6286057692307694 0.13461538461538458 0.3221153846153847
5 0.6430288461538461 0.6286057692307694 0.12019230769230771 0.3473557692307693
5 0.7403846153846154 0.6490384615384616 0.10576923076923073 0.34375
5 0.8293269230769231 0.6658653846153846 0.16225961538461542 0.423076923076923
3 0.11899038461538461 0.6526442307692307 0.15985576923076922 0.6911057692307694
3 0.21634615384615385 0.6394230769230769 0.1298076923076923 0.7175480769230769
3 0.36057692307692313 0.5793269230769231 0.16826923076923078 0.5408653846153846
3 0.5108173076923077 0.5697115384615384 0.14663461538461542 0.515625
3 0.6442307692307693 0.5637019230769231 0.1358173076923077 0.5276442307692308
3 0.7379807692307693 0.5889423076923077 0.109375 0.47235576923076916
3 0.8221153846153846 0.6346153846153846 0.15504807692307698 0.7259615384615383
