3 0.35336538461538464 0.6262019230769231 0.1346153846153846 0.5168269230769231
3 0.2920673076923077 0.6442307692307693 0.078125 0.4014423076923077
3 0.4074519230769231 0.6502403846153846 0.0733173076923077 0.390625
3 0.5060096153846154 0.6454326923076923 0.11057692307692307 0.5192307692307693
3 0.44471153846153844 0.6189903846153846 0.057692307692307696 0.43028846153846156
3 0.5540865384615384 0.6526442307692307 0.042067307692307696 0.35096153846153844
3 0.59375 0.6442307692307693 0.0625 0.39903846153846156
3 0.6237980769230769 0.6418269230769231 0.0829326923076923 0.4170673076923077
3 0.7019230769230769 0.6201923076923077 0.11778846153846154 0.49399038461538464
6 0.29927884615384615 0.47115384615384615 0.038461538461538464 0.04807692307692308
6 0.35697115384615385 0.40384615384615385 0.04567307692307692 0.06370192307692307
6 0.4891826923076923 0.4098557692307692 0.05048076923076923 0.051682692307692304
6 0.4651442307692308 0.43028846153846156 0.027644230769230768 0.051682692307692304
6 0.5564903846153846 0.5012019230769231 0.03125 0.046875
6 0.6033653846153846 0.4699519230769231 0.040865384615384616 0.05048076923076923
6 0.6418269230769231 0.4519230769230769 0.038461538461538464 0.0625
6 0.6983173076923077 0.4026442307692308 0.05048076923076923 0.056490384615384616
6 0.35216346153846156 0.5564903846153846 0.13221153846153846 0.22355769230769232
6 0.28846153846153844 0.6009615384615384 0.06850961538461539 0.16346153846153846
6 0.4170673076923077 0.5841346153846154 0.052884615384615384 0.18269230769230768
6 0.49038461538461536 0.5697115384615384 0.11298076923076923 0.19230769230769232
6 0.5841346153846154 0.5889423076923077 0.055288461538461536 0.15264423076923078
6 0.6286057692307693 0.5817307692307693 0.06610576923076923 0.1778846153846154
6 0.6947115384615384 0.5516826923076923 0.1141826923076923 0.20673076923076922