6 0.11899038461538461 0.49158653846153844 0.1971153846153846 0.4110576923076923
6 0.4338942307692308 0.22596153846153846 0.1778846153846154 0.3088942307692308
6 0.7163461538461539 0.6346153846153846 0.051682692307692304 0.09014423076923077
6 0.7584134615384616 0.6153846153846154 0.042067307692307696 0.057692307692307696
6 0.9074519230769231 0.6165865384615384 0.05048076923076923 0.07932692307692307
5 0.18870192307692307 0.7271634615384616 0.18028846153846154 0.4519230769230769
5 0.44711538461538464 0.6105769230769231 0.19831730769230768 0.5096153846153846
5 0.7019230769230769 0.8269230769230769 0.0733173076923077 0.265625
5 0.7644230769230769 0.7800480769230769 0.06370192307692307 0.23076923076923078
5 0.9158653846153846 0.8100961538461539 0.078125 0.23918269230769232
3 0.17427884615384615 0.6009615384615384 0.3269230769230769 0.7043269230769231
3 0.4338942307692308 0.4807692307692308 0.25721153846153844 0.8052884615384616
3 0.6971153846153846 0.7716346153846154 0.08413461538461539 0.4170673076923077
3 0.7668269230769231 0.7788461538461539 0.06971153846153846 0.4110576923076923
3 0.9098557692307693 0.7524038461538461 0.10096153846153846 0.3798076923076923