6 0.5997596153846154 0.28846153846153844 0.11778846153846156 0.10576923076923075
1 0.5913461538461539 0.3341346153846153 0.07692307692307687 0.03485576923076922
5 0.15384615384615385 0.4939903846153846 0.12019230769230771 0.15144230769230765
5 0.33533653846153844 0.5192307692307693 0.10817307692307693 0.21995192307692313
5 0.41947115384615385 0.5324519230769231 0.06971153846153849 0.17548076923076916
5 0.24879807692307693 0.5432692307692307 0.09855769230769229 0.15504807692307687
5 0.6009615384615384 0.5649038461538461 0.28004807692307687 0.3076923076923077
3 0.14783653846153846 0.6117788461538461 0.15144230769230765 0.5733173076923077
3 0.24879807692307693 0.6129807692307693 0.11298076923076925 0.48557692307692313
3 0.6274038461538461 0.6141826923076923 0.36057692307692313 0.7620192307692308
3 0.33052884615384615 0.6225961538461539 0.11057692307692307 0.5949519230769231
