5 0.05889423076923077 0.7572115384615383 0.09735576923076925 0.12139423076923073
5 0.31971153846153844 0.8137019230769231 0.08653846153846151 0.11899038461538458
5 0.5829326923076923 0.5721153846153846 0.06850961538461542 0.14423076923076916
7 0.1322115384615385 0.7463942307692308 0.03605769230769232 0.08173076923076927
7 0.17788461538461536 0.5456730769230769 0.05649038461538461 0.04567307692307687
7 0.5877403846153846 0.46274038461538464 0.05168269230769229 0.05168269230769229
7 0.3870192307692307 0.15985576923076922 0.03725961538461536 0.05168269230769229
3 0.37620192307692313 0.27163461538461536 0.10336538461538464 0.311298076923077
3 0.18629807692307693 0.7283653846153846 0.12620192307692307 0.405048076923077
3 0.07932692307692307 0.7944711538461539 0.15264423076923078 0.28245192307692313
3 0.34254807692307687 0.8161057692307694 0.13942307692307693 0.23798076923076927
3 0.5877403846153846 0.6081730769230769 0.13221153846153844 0.376201923076923
