6 0.1814903846153846 0.3629807692307692 0.07211538461538461 0.0829326923076923
6 0.2608173076923077 0.41466346153846156 0.04326923076923077 0.0673076923076923
6 0.3245192307692308 0.43149038461538464 0.055288461538461536 0.08653846153846154
6 0.44591346153846156 0.3401442307692308 0.057692307692307696 0.08653846153846154
6 0.5456730769230769 0.4050480769230769 0.06370192307692307 0.08173076923076923
6 0.7007211538461539 0.3762019230769231 0.06370192307692307 0.0733173076923077
6 0.84375 0.4483173076923077 0.0625 0.07211538461538461
6 0.4026442307692308 0.4026442307692308 0.04326923076923077 0.042067307692307696
5 0.1971153846153846 0.5733173076923077 0.12620192307692307 0.2692307692307692
5 0.31971153846153844 0.6237980769230769 0.09495192307692307 0.23317307692307693
5 0.4375 0.5661057692307693 0.11298076923076923 0.28725961538461536
5 0.546875 0.6057692307692307 0.10336538461538461 0.2704326923076923
5 0.7019230769230769 0.5961538461538461 0.12379807692307693 0.2980769230769231
5 0.8401442307692307 0.6742788461538461 0.11538461538461539 0.3016826923076923
5 0.2800480769230769 0.5192307692307693 0.04807692307692308 0.0985576923076923
3 0.19230769230769232 0.6370192307692307 0.15625 0.6213942307692307
3 0.2620192307692308 0.65625 0.057692307692307696 0.5528846153846154
3 0.3161057692307692 0.6706730769230769 0.09975961538461539 0.5552884615384616
3 0.42788461538461536 0.6213942307692307 0.12139423076923077 0.6526442307692307
3 0.5492788461538461 0.6502403846153846 0.12980769230769232 0.5745192307692307
3 0.703125 0.6430288461538461 0.16826923076923078 0.5985576923076923
3 0.8377403846153846 0.6754807692307693 0.12139423076923077 0.5432692307692307
3 0.5853365384615384 0.4639423076923077 0.030048076923076924 0.056490384615384616