6 0.2283653846153846 0.34014423076923084 0.12379807692307693 0.11057692307692307
4 0.4002403846153847 0.3810096153846153 0.09495192307692307 0.10817307692307693
6 0.8557692307692306 0.35096153846153844 0.10096153846153844 0.08293269230769229
5 0.19110576923076922 0.640625 0.2764423076923077 0.44110576923076916
5 0.38221153846153844 0.6189903846153846 0.18629807692307693 0.2908653846153846
5 0.7247596153846154 0.6057692307692307 0.16346153846153844 0.2451923076923077
5 0.8629807692307693 0.5637019230769231 0.18149038461538458 0.266826923076923
3 0.17067307692307693 0.6370192307692307 0.28125 0.7043269230769231
3 0.3846153846153846 0.6550480769230769 0.20913461538461536 0.6622596153846154
3 0.5793269230769231 0.6658653846153846 0.21274038461538458 0.625
3 0.734375 0.6814903846153846 0.16586538461538458 0.6213942307692308
3 0.8786057692307693 0.6370192307692307 0.2235576923076923 0.6706730769230769
2 0.5721153846153846 0.420673076923077 0.08774038461538458 0.10336538461538464
