2 0.12740384615384615 0.28725961538461536 0.1201923076923077 0.19951923076923078
2 0.28846153846153844 0.3473557692307692 0.09735576923076923 0.18028846153846154
2 0.5180288461538461 0.3798076923076923 0.0889423076923077 0.15264423076923078
2 0.3389423076923077 0.38461538461538464 0.046875 0.12379807692307693
2 0.6658653846153846 0.40384615384615385 0.06370192307692307 0.1201923076923077
2 0.6033653846153846 0.4182692307692308 0.06850961538461539 0.12980769230769232
2 0.8305288461538461 0.4254807692307692 0.0733173076923077 0.12379807692307693
3 0.10336538461538461 0.5841346153846154 0.18028846153846154 0.7860576923076923
3 0.2848557692307692 0.6189903846153846 0.1658653846153846 0.7091346153846154
3 0.5192307692307693 0.6454326923076923 0.19951923076923078 0.671875
3 0.640625 0.6682692307692307 0.1310096153846154 0.609375
3 0.8425480769230769 0.6754807692307693 0.1658653846153846 0.6394230769230769