3 0.17908653846153846 0.6935096153846154 0.18629807692307693 0.5973557692307693
3 0.30649038461538464 0.6658653846153846 0.16105769230769232 0.6358173076923077
3 0.40865384615384615 0.6538461538461539 0.1201923076923077 0.6706730769230769
3 0.5024038461538461 0.7331730769230769 0.15144230769230768 0.5168269230769231
3 0.5649038461538461 0.6346153846153846 0.16706730769230768 0.7247596153846154
3 0.7307692307692307 0.6237980769230769 0.15264423076923078 0.7355769230769231
3 0.8677884615384616 0.6370192307692307 0.16826923076923078 0.6971153846153846
5 0.5540865384615384 0.5877403846153846 0.13221153846153846 0.35336538461538464
5 0.7319711538461539 0.5961538461538461 0.13581730769230768 0.3641826923076923
5 0.8653846153846154 0.6225961538461539 0.15625 0.3605769230769231
1 0.7379807692307693 0.36658653846153844 0.04326923076923077 0.036057692307692304
2 0.18629807692307693 0.4519230769230769 0.07211538461538461 0.1310096153846154
2 0.3088942307692308 0.39903846153846156 0.06370192307692307 0.1141826923076923
2 0.4014423076923077 0.36538461538461536 0.0625 0.10336538461538461
2 0.49278846153846156 0.5300480769230769 0.06610576923076923 0.125