6 0.16706730769230768 0.5661057692307693 0.07211538461538461 0.09495192307692307
6 0.33533653846153844 0.5252403846153846 0.07692307692307693 0.0625
6 0.328125 0.45913461538461536 0.06850961538461539 0.07692307692307693
6 0.6911057692307693 0.1502403846153846 0.055288461538461536 0.052884615384615384
6 0.875 0.25841346153846156 0.05048076923076923 0.0673076923076923
6 0.9771634615384616 0.16826923076923078 0.042067307692307696 0.057692307692307696
3 0.11538461538461539 0.6730769230769231 0.20793269230769232 0.40625
3 0.38100961538461536 0.7379807692307693 0.2283653846153846 0.4951923076923077
3 0.31850961538461536 0.5180288461538461 0.09735576923076923 0.19831730769230768
3 0.6899038461538461 0.28725961538461536 0.10817307692307693 0.3329326923076923
3 0.734375 0.6466346153846154 0.1346153846153846 0.6081730769230769
3 0.8449519230769231 0.3870192307692308 0.1201923076923077 0.3389423076923077
3 0.9435096153846154 0.3449519230769231 0.11057692307692307 0.4254807692307692
6 0.6862980769230769 0.5408653846153846 0.06370192307692307 0.06850961538461539
3 0.6706730769230769 0.640625 0.10576923076923077 0.27524038461538464
5 0.8509615384615384 0.3473557692307692 0.09735576923076923 0.17307692307692307