6 0.2824519230769231 0.13341346153846154 0.1778846153846154 0.22355769230769232
6 0.4963942307692308 0.19831730769230768 0.09254807692307693 0.12139423076923077
6 0.7199519230769231 0.23918269230769232 0.14423076923076922 0.19110576923076922
5 0.2644230769230769 0.6935096153846154 0.31971153846153844 0.6105769230769231
5 0.5204326923076923 0.5793269230769231 0.1814903846153846 0.47596153846153844
5 0.6814903846153846 0.7283653846153846 0.25600961538461536 0.5384615384615384
3 0.2439903846153846 0.5096153846153846 0.3629807692307692 0.9759615384615384
3 0.5348557692307693 0.5649038461538461 0.21394230769230768 0.8545673076923077
3 0.7091346153846154 0.5745192307692307 0.23557692307692307 0.8473557692307693
1 0.2800480769230769 0.2644230769230769 0.15264423076923078 0.07932692307692307
1 0.7127403846153846 0.3317307692307692 0.11899038461538461 0.0625
1 0.49399038461538464 0.265625 0.07692307692307693 0.046875