4 0.578125 0.2980769230769231 0.12139423076923077 0.12139423076923077
7 0.44350961538461536 0.30649038461538464 0.10336538461538461 0.13942307692307693
6 0.2608173076923077 0.3088942307692308 0.125 0.14182692307692307
1 0.5637019230769231 0.36538461538461536 0.052884615384615384 0.037259615384615384
1 0.4423076923076923 0.3737980769230769 0.06850961538461539 0.025240384615384616
1 0.2776442307692308 0.3798076923076923 0.057692307692307696 0.03125
5 0.23918269230769232 0.5865384615384616 0.20673076923076922 0.3762019230769231
3 0.44350961538461536 0.6057692307692307 0.21153846153846154 0.765625
3 0.6033653846153846 0.6105769230769231 0.21875 0.7512019230769231
3 0.23918269230769232 0.6141826923076923 0.2127403846153846 0.7692307692307693
5 0.4567307692307692 0.6213942307692307 0.1971153846153846 0.4074519230769231
5 0.6370192307692307 0.6346153846153846 0.16706730769230768 0.44350961538461536