3 0.17307692307692307 0.5144230769230769 0.33653846153846156 0.9447115384615384
3 0.41586538461538464 0.5144230769230769 0.25721153846153844 0.9519230769230769
3 0.6947115384615384 0.5300480769230769 0.2980769230769231 0.9134615384615384
5 0.1658653846153846 0.5709134615384616 0.3317307692307692 0.5072115384615384
5 0.3954326923076923 0.5793269230769231 0.2439903846153846 0.6622596153846154
5 0.6935096153846154 0.6177884615384616 0.3004807692307692 0.6454326923076923
4 0.15745192307692307 0.14423076923076922 0.1622596153846154 0.21394230769230768
6 0.46033653846153844 0.14182692307692307 0.13581730769230768 0.20673076923076922
6 0.7115384615384616 0.17067307692307693 0.13221153846153846 0.16826923076923078
1 0.4579326923076923 0.23317307692307693 0.07211538461538461 0.04807692307692308
1 0.6923076923076923 0.25961538461538464 0.08173076923076923 0.04807692307692308