2 0.7512019230769231 0.2932692307692308 0.0889423076923077 0.17668269230769232
2 0.49399038461538464 0.3112980769230769 0.08413461538461539 0.16706730769230768
2 0.3269230769230769 0.31971153846153844 0.037259615384615384 0.0829326923076923
2 0.36899038461538464 0.32091346153846156 0.037259615384615384 0.0733173076923077
2 0.13341346153846154 0.3245192307692308 0.04567307692307692 0.07932692307692307
2 0.06370192307692307 0.3245192307692308 0.07932692307692307 0.1466346153846154
2 0.2247596153846154 0.32572115384615385 0.03125 0.06971153846153846
2 0.6225961538461539 0.33413461538461536 0.036057692307692304 0.06971153846153846
2 0.5745192307692307 0.3401442307692308 0.055288461538461536 0.12379807692307693
2 0.27403846153846156 0.3473557692307692 0.0829326923076923 0.15504807692307693
3 0.14903846153846154 0.4879807692307692 0.10096153846153846 0.3762019230769231
3 0.7560096153846154 0.6057692307692307 0.23798076923076922 0.7644230769230769
3 0.08413461538461539 0.6117788461538461 0.14182692307692307 0.7355769230769231
3 0.49278846153846156 0.6141826923076923 0.1935096153846154 0.75
3 0.2776442307692308 0.6370192307692307 0.17067307692307693 0.703125