7 0.27884615384615385 0.25841346153846156 0.12019230769230771 0.11778846153846151
3 0.38942307692307687 0.28125 0.14423076923076922 0.34014423076923084
6 0.7560096153846154 0.29086538461538464 0.10456730769230771 0.11418269230769229
6 0.5564903846153846 0.30528846153846156 0.109375 0.11418269230769229
5 0.39783653846153844 0.3064903846153847 0.10817307692307693 0.16586538461538464
3 0.484375 0.31850961538461536 0.12139423076923078 0.298076923076923
5 0.4735576923076923 0.33533653846153844 0.07211538461538458 0.1514423076923077
3 0.7283653846153846 0.3581730769230769 0.15024038461538458 0.264423076923077
7 0.8173076923076923 0.37379807692307687 0.13701923076923084 0.10817307692307693
3 0.2932692307692307 0.375 0.17788461538461536 0.3377403846153846
6 0.22475961538461536 0.41346153846153844 0.16346153846153844 0.13701923076923078
3 0.5841346153846154 0.4206730769230769 0.17067307692307698 0.3401442307692307
3 0.814903846153846 0.4891826923076923 0.16346153846153844 0.3533653846153846
5 0.8305288461538461 0.5192307692307693 0.1358173076923077 0.1923076923076923
5 0.16947115384615385 0.5649038461538461 0.1706730769230769 0.21754807692307687
3 0.203125 0.5769230769230769 0.2379807692307692 0.46514423076923084
6 0.3846153846153847 0.18870192307692307 0.09495192307692307 0.13221153846153844
0 0.48798076923076916 0.22235576923076922 0.07812499999999994 0.109375
