1 0.17067307692307693 0.3173076923076923 0.1923076923076923 0.10336538461538458
1 0.8533653846153846 0.33052884615384615 0.1923076923076923 0.08894230769230771
7 0.5120192307692307 0.358173076923077 0.20432692307692313 0.22355769230769235
1 0.5228365384615384 0.4170673076923077 0.1514423076923077 0.13701923076923078
3 0.8605769230769231 0.5192307692307693 0.2752403846153846 0.9579326923076923
3 0.18509615384615385 0.5216346153846154 0.3545673076923077 0.9338942307692308
3 0.5877403846153846 0.5913461538461539 0.375 0.6826923076923077
5 0.34254807692307687 0.6213942307692307 0.20913461538461536 0.42307692307692313
5 0.6105769230769231 0.7127403846153846 0.3377403846153846 0.2860576923076923
5 0.8894230769230769 0.7259615384615384 0.21875 0.5324519230769231
1 0.3701923076923077 0.1622596153846154 0.14423076923076922 0.11057692307692307
7 0.859375 0.19110576923076922 0.2596153846153846 0.2716346153846153
