6 0.47596153846153844 0.1622596153846154 0.09375 0.17788461538461536
3 0.7956730769230769 0.21153846153846154 0.05769230769230771 0.3918269230769231
5 0.7536057692307692 0.22716346153846154 0.058894230769230727 0.22355769230769235
1 0.48197115384615385 0.23076923076923078 0.05168269230769229 0.046875
5 0.7932692307692308 0.23798076923076922 0.055288461538461564 0.2860576923076923
3 0.7560096153846154 0.25600961538461536 0.06730769230769229 0.4783653846153847
6 0.3810096153846153 0.5144230769230769 0.021634615384615363 0.05288461538461542
3 0.49399038461538464 0.5300480769230769 0.18389423076923073 0.90625
5 0.4963942307692307 0.5997596153846154 0.16706730769230765 0.6081730769230769
3 0.39423076923076916 0.6189903846153846 0.05288461538461536 0.2884615384615384
5 0.3942307692307692 0.6754807692307692 0.03605769230769229 0.19471153846153844
