2 0.078125 0.1814903846153846 0.13461538461538458 0.20793269230769235
2 0.24759615384615385 0.21153846153846154 0.0949519230769231 0.14182692307692307
2 0.7427884615384616 0.22475961538461536 0.08413461538461542 0.13221153846153844
2 0.9615384615384616 0.2536057692307692 0.07211538461538458 0.125
2 0.41826923076923084 0.25841346153846156 0.06370192307692307 0.1237980769230769
2 0.19110576923076922 0.27283653846153844 0.04206730769230771 0.10096153846153849
2 0.6105769230769231 0.28725961538461536 0.06129807692307687 0.08894230769230771
2 0.2704326923076923 0.3137019230769231 0.043269230769230754 0.08293269230769229
3 0.6153846153846154 0.49278846153846156 0.109375 0.49639423076923084
3 0.9254807692307693 0.5276442307692307 0.1454326923076923 0.6802884615384615
3 0.09495192307692307 0.5348557692307693 0.16346153846153844 0.8870192307692306
3 0.42427884615384615 0.5408653846153846 0.17307692307692313 0.6826923076923077
3 0.2536057692307692 0.5685096153846154 0.19951923076923075 0.8497596153846154
3 0.7259615384615384 0.5745192307692307 0.19350961538461542 0.8485576923076923
