7 0.03365384615384615 0.6526442307692307 0.026442307692307692 0.02403846153846154
6 0.31850961538461536 0.6189903846153846 0.06610576923076923 0.06971153846153846
6 0.3894230769230769 0.6334134615384616 0.04567307692307692 0.036057692307692304
6 0.5901442307692307 0.6153846153846154 0.06610576923076923 0.07211538461538461
6 0.7307692307692307 0.5661057692307693 0.06971153846153846 0.06971153846153846
6 0.8389423076923077 0.5769230769230769 0.08413461538461539 0.0625
4 0.5324519230769231 0.6346153846153846 0.038461538461538464 0.038461538461538464
4 0.6730769230769231 0.625 0.04807692307692308 0.05889423076923077
4 0.9122596153846154 0.5721153846153846 0.046875 0.042067307692307696
5 0.03245192307692308 0.7115384615384616 0.04807692307692308 0.07932692307692307
5 0.2980769230769231 0.7776442307692307 0.10817307692307693 0.24519230769230768
5 0.38341346153846156 0.7295673076923077 0.051682692307692304 0.14423076923076922
5 0.5288461538461539 0.7163461538461539 0.055288461538461536 0.1201923076923077
5 0.5913461538461539 0.7860576923076923 0.12379807692307693 0.2439903846153846
5 0.7451923076923077 0.7391826923076923 0.1466346153846154 0.2403846153846154
5 0.6634615384615384 0.7427884615384616 0.06850961538461539 0.17307692307692307
5 0.8629807692307693 0.7728365384615384 0.11057692307692307 0.2704326923076923
5 0.9194711538461539 0.6754807692307693 0.0829326923076923 0.14423076923076922
3 0.038461538461538464 0.7247596153846154 0.0673076923076923 0.17307692307692307
3 0.29927884615384615 0.7836538461538461 0.13942307692307693 0.4050480769230769
3 0.3954326923076923 0.7716346153846154 0.09014423076923077 0.3269230769230769
3 0.5276442307692307 0.7620192307692307 0.0673076923076923 0.3088942307692308
3 0.6021634615384616 0.7908653846153846 0.12980769230769232 0.4098557692307692
3 0.6730769230769231 0.7463942307692307 0.07692307692307693 0.296875
3 0.7379807692307693 0.7572115384615384 0.15264423076923078 0.46274038461538464
3 0.8509615384615384 0.7451923076923077 0.15625 0.4182692307692308
3 0.9110576923076923 0.7211538461538461 0.109375 0.3581730769230769