1 0.34735576923076916 0.18629807692307693 0.08173076923076922 0.043269230769230754
1 0.71875 0.18629807692307693 0.07451923076923073 0.043269230769230754
1 0.5588942307692306 0.203125 0.07451923076923073 0.04086538461538461
3 0.33653846153846156 0.4387019230769231 0.15985576923076922 0.8677884615384616
3 0.7776442307692307 0.44471153846153844 0.25 0.8629807692307694
3 0.14543269230769232 0.451923076923077 0.2848557692307692 0.8798076923076923
3 0.5612980769230769 0.4627403846153846 0.234375 0.796875
5 0.5697115384615385 0.5168269230769231 0.19110576923076927 0.5
5 0.3269230769230769 0.5528846153846154 0.19110576923076925 0.6189903846153846
5 0.7908653846153846 0.5865384615384616 0.24399038461538458 0.5793269230769231
5 0.14663461538461542 0.6189903846153846 0.2860576923076923 0.5432692307692308
6 0.15745192307692307 0.09735576923076923 0.2872596153846153 0.18028846153846154
6 0.3377403846153847 0.10096153846153846 0.13701923076923078 0.14423076923076922
6 0.7620192307692307 0.12620192307692307 0.19350961538461542 0.203125
6 0.5637019230769231 0.15264423076923078 0.12860576923076916 0.12860576923076922
