1 0.27524038461538464 0.2548076923076923 0.07932692307692307 0.040865384615384616
1 0.6682692307692307 0.26322115384615385 0.0829326923076923 0.04567307692307692
1 0.09014423076923077 0.26322115384615385 0.08413461538461539 0.051682692307692304
5 0.47836538461538464 0.4567307692307692 0.23076923076923078 0.4230769230769231
5 0.8557692307692307 0.4579326923076923 0.16706730769230768 0.38100961538461536
5 0.27163461538461536 0.4963942307692308 0.1971153846153846 0.3581730769230769
3 0.47596153846153844 0.5252403846153846 0.30288461538461536 0.9314903846153846
5 0.7127403846153846 0.5252403846153846 0.20432692307692307 0.4206730769230769
3 0.8461538461538461 0.5324519230769231 0.20432692307692307 0.8870192307692307
5 0.12620192307692307 0.5360576923076923 0.19110576923076922 0.41225961538461536
3 0.26802884615384615 0.5564903846153846 0.23317307692307693 0.8161057692307693
3 0.6971153846153846 0.5588942307692307 0.24519230769230768 0.8798076923076923
3 0.11899038461538461 0.5625 0.2091346153846154 0.8497596153846154
7 0.4675480769230769 0.11899038461538461 0.11298076923076923 0.10096153846153846
7 0.8365384615384616 0.15745192307692307 0.1141826923076923 0.09975961538461539
1 0.46033653846153844 0.16826923076923078 0.07692307692307693 0.04567307692307692
7 0.09254807692307693 0.203125 0.12860576923076922 0.11899038461538461
4 0.2692307692307692 0.20432692307692307 0.10817307692307693 0.09254807692307693
6 0.6862980769230769 0.20673076923076922 0.13221153846153846 0.10817307692307693