2 0.4723557692307692 0.3473557692307692 0.08413461538461539 0.19471153846153846
2 0.7427884615384616 0.3473557692307692 0.09735576923076923 0.18269230769230768
2 0.0889423076923077 0.35096153846153844 0.1346153846153846 0.23918269230769232
2 0.36538461538461536 0.35697115384615385 0.07211538461538461 0.13581730769230768
2 0.5216346153846154 0.35697115384615385 0.052884615384615384 0.14182692307692307
2 0.5865384615384616 0.38822115384615385 0.06610576923076923 0.12620192307692307
2 0.6610576923076923 0.3918269230769231 0.08173076923076923 0.1622596153846154
2 0.8894230769230769 0.39663461538461536 0.0673076923076923 0.15504807692307693
2 0.19230769230769232 0.4074519230769231 0.08413461538461539 0.18389423076923078
3 0.49399038461538464 0.6033653846153846 0.21153846153846154 0.6887019230769231
3 0.08653846153846154 0.6033653846153846 0.15625 0.7512019230769231
3 0.7764423076923077 0.6237980769230769 0.21875 0.7199519230769231
3 0.35336538461538464 0.6382211538461539 0.14182692307692307 0.6923076923076923
3 0.22115384615384615 0.6418269230769231 0.14543269230769232 0.6370192307692307
3 0.6526442307692307 0.6502403846153846 0.11538461538461539 0.6754807692307693
3 0.8882211538461539 0.65625 0.10096153846153846 0.6682692307692307