6 0.6165865384615384 0.19471153846153846 0.1670673076923077 0.14663461538461536
6 0.15865384615384615 0.23076923076923078 0.22596153846153844 0.15264423076923075
6 0.376201923076923 0.25 0.19110576923076922 0.17788461538461542
1 0.38701923076923084 0.3341346153846154 0.09014423076923078 0.030048076923076927
5 0.6394230769230769 0.5528846153846154 0.342548076923077 0.4783653846153846
3 0.6658653846153846 0.5552884615384616 0.375 0.8762019230769231
3 0.12620192307692307 0.5673076923076923 0.24879807692307696 0.8245192307692308
3 0.3425480769230769 0.5853365384615384 0.25721153846153844 0.8197115384615385
5 0.3269230769230769 0.5901442307692307 0.3076923076923077 0.4795673076923077
5 0.1310096153846154 0.5973557692307693 0.234375 0.5324519230769231
