1 0.4879807692307692 0.4891826923076923 0.10096153846153844 0.05889423076923078
1 0.3064903846153846 0.39302884615384615 0.06610576923076922 0.07692307692307693
1 0.6850961538461539 0.42307692307692313 0.07692307692307687 0.07211538461538464
5 0.17427884615384615 0.7235576923076923 0.2860576923076923 0.5432692307692308
5 0.48197115384615385 0.8040865384615384 0.2608173076923077 0.38942307692307687
5 0.7920673076923077 0.7415865384615384 0.30889423076923084 0.5144230769230769
3 0.1875 0.6237980769230769 0.33173076923076916 0.7331730769230769
3 0.48076923076923084 0.6923076923076923 0.3028846153846154 0.5973557692307692
3 0.8100961538461539 0.6370192307692307 0.3701923076923077 0.7175480769230769
2 0.27884615384615385 0.3545673076923077 0.1454326923076923 0.18149038461538458
2 0.5060096153846154 0.4807692307692308 0.11899038461538458 0.14903846153846156
2 0.7259615384615384 0.37620192307692313 0.1514423076923077 0.17307692307692307
