5 0.4182692307692307 0.48677884615384615 0.12860576923076922 0.1766826923076923
5 0.49759615384615385 0.40024038461538464 0.11057692307692313 0.19951923076923073
5 0.3485576923076923 0.3076923076923077 0.11899038461538458 0.171875
5 0.7632211538461539 0.44471153846153844 0.12019230769230771 0.18629807692307687
5 0.9711538461538463 0.42067307692307687 0.055288461538461564 0.13942307692307693
6 0.2920673076923077 0.21514423076923078 0.078125 0.09495192307692304
6 0.42548076923076916 0.3341346153846154 0.06850961538461536 0.08774038461538464
6 0.40745192307692313 0.23317307692307693 0.06370192307692307 0.07692307692307696
6 0.9182692307692307 0.3173076923076923 0.08774038461538458 0.08413461538461542
6 0.9783653846153846 0.2512019230769231 0.04086538461538458 0.0612980769230769
7 0.5012019230769231 0.25600961538461536 0.07451923076923078 0.06971153846153844
7 0.7463942307692307 0.2800480769230769 0.06129807692307687 0.07331730769230771
3 0.39903846153846156 0.5853365384615384 0.19350961538461542 0.6105769230769231
3 0.33413461538461536 0.4050480769230769 0.17548076923076925 0.498798076923077
3 0.4074519230769231 0.2439903846153846 0.0625 0.13701923076923078
3 0.5024038461538461 0.40625 0.13942307692307687 0.3810096153846154
3 0.7487980769230769 0.41225961538461536 0.14663461538461542 0.360576923076923
3 0.9098557692307693 0.5853365384615384 0.1514423076923077 0.6490384615384615
