1 0.46754807692307687 0.2704326923076923 0.15144230769230765 0.08413461538461542
1 0.7307692307692306 0.3125 0.16346153846153844 0.13461538461538458
3 0.5348557692307693 0.5024038461538461 0.37379807692307687 0.9855769230769231
3 0.18509615384615385 0.5072115384615384 0.34254807692307687 0.9795673076923077
3 0.8004807692307692 0.5144230769230769 0.3966346153846153 0.9182692307692308
5 0.18389423076923078 0.6538461538461539 0.3076923076923077 0.6826923076923077
5 0.5480769230769231 0.6814903846153846 0.4110576923076923 0.6129807692307692
5 0.8978365384615384 0.6838942307692307 0.17307692307692313 0.43870192307692313
1 0.23798076923076922 0.1346153846153846 0.17307692307692304 0.08774038461538462
7 0.7439903846153846 0.17067307692307693 0.2451923076923077 0.23798076923076925
