3 0.59375 0.4723557692307692 0.28725961538461536 0.9375
3 0.08413461538461539 0.25721153846153844 0.1141826923076923 0.4074519230769231
3 0.8161057692307693 0.2824519230769231 0.07932692307692307 0.3641826923076923
3 0.8954326923076923 0.2980769230769231 0.07451923076923077 0.36899038461538464
5 0.07572115384615384 0.18629807692307693 0.09254807692307693 0.18269230769230768
5 0.5925480769230769 0.2668269230769231 0.19471153846153846 0.3870192307692308
5 0.8197115384615384 0.21514423076923078 0.08653846153846154 0.1466346153846154
5 0.8942307692307693 0.23557692307692307 0.06850961538461539 0.14182692307692307
3 0.9483173076923077 0.15384615384615385 0.037259615384615384 0.15745192307692307
2 0.0889423076923077 0.07932692307692307 0.052884615384615384 0.04326923076923077
2 0.5384615384615384 0.040865384615384616 0.07932692307692307 0.07211538461538461
2 0.8137019230769231 0.1201923076923077 0.03485576923076923 0.04326923076923077
2 0.8846153846153846 0.13341346153846154 0.03245192307692308 0.04807692307692308