2 0.23197115384615385 0.37139423076923084 0.0925480769230769 0.15264423076923078
2 0.296875 0.407451923076923 0.07451923076923078 0.11298076923076922
2 0.8004807692307692 0.44591346153846156 0.10096153846153844 0.23557692307692313
2 0.6274038461538461 0.4471153846153846 0.12620192307692313 0.21394230769230765
2 0.8918269230769231 0.4591346153846153 0.2139423076923077 0.35456730769230765
2 0.12259615384615384 0.4615384615384616 0.18269230769230768 0.2848557692307693
3 0.2596153846153846 0.6069711538461539 0.20913461538461536 0.6514423076923077
3 0.8677884615384616 0.6322115384615384 0.2608173076923077 0.7331730769230769
3 0.11778846153846154 0.6610576923076923 0.23317307692307693 0.6754807692307692
3 0.5829326923076923 0.6694711538461539 0.2560096153846154 0.6574519230769231
