6 0.5324519230769231 0.17548076923076922 0.05168269230769229 0.06850961538461539
7 0.2776442307692307 0.23317307692307693 0.05048076923076922 0.08173076923076925
3 0.2776442307692308 0.251201923076923 0.09014423076923075 0.13581730769230765
3 0.5384615384615384 0.2644230769230769 0.12379807692307687 0.3245192307692307
7 0.4074519230769231 0.38221153846153844 0.046875 0.05769230769230771
7 0.31850961538461536 0.43028846153846156 0.055288461538461564 0.0625
7 0.14663461538461542 0.4567307692307692 0.03725961538461539 0.0625
7 0.5841346153846154 0.46875 0.04206730769230771 0.06610576923076922
3 0.3605769230769231 0.5144230769230769 0.12019230769230771 0.23317307692307698
3 0.423076923076923 0.5168269230769231 0.11298076923076922 0.342548076923077
3 0.14783653846153844 0.5516826923076923 0.07331730769230768 0.26923076923076916
3 0.6105769230769231 0.5588942307692307 0.12860576923076916 0.2451923076923077
7 0.9242788461538461 0.6802884615384616 0.04206730769230771 0.08413461538461542
3 0.9387019230769231 0.7043269230769231 0.08173076923076927 0.266826923076923
7 0.21875 0.7271634615384616 0.050480769230769246 0.05769230769230771
3 0.2247596153846154 0.7872596153846154 0.13942307692307693 0.20913461538461542
