2 0.6129807692307693 0.38461538461538464 0.08413461538461539 0.1346153846153846
2 0.36538461538461536 0.4230769230769231 0.07932692307692307 0.13581730769230768
2 0.45072115384615385 0.4338942307692308 0.057692307692307696 0.0889423076923077
2 0.21153846153846154 0.4362980769230769 0.07211538461538461 0.11538461538461539
2 0.9627403846153846 0.4387019230769231 0.057692307692307696 0.0889423076923077
2 0.5600961538461539 0.44350961538461536 0.04807692307692308 0.078125
3 0.9471153846153846 0.5925480769230769 0.10336538461538461 0.4254807692307692
3 0.5480769230769231 0.6346153846153846 0.08774038461538461 0.5
3 0.4519230769230769 0.6418269230769231 0.1045673076923077 0.5348557692307693
3 0.6346153846153846 0.6622596153846154 0.15985576923076922 0.6454326923076923
3 0.34375 0.6682692307692307 0.1622596153846154 0.6598557692307693
3 0.20432692307692307 0.6838942307692307 0.15264423076923078 0.6286057692307693