5 0.12139423076923077 0.6778846153846154 0.20192307692307693 0.3389423076923077
5 0.15504807692307693 0.5504807692307693 0.19471153846153846 0.3389423076923077
5 0.3762019230769231 0.5480769230769231 0.21153846153846154 0.3485576923076923
5 0.5252403846153846 0.5216346153846154 0.17548076923076922 0.30288461538461536
3 0.12379807692307693 0.6213942307692307 0.20192307692307693 0.4831730769230769
3 0.17067307692307693 0.5108173076923077 0.21754807692307693 0.5192307692307693
3 0.3713942307692308 0.5348557692307693 0.21394230769230768 0.5264423076923077
3 0.5300480769230769 0.46153846153846156 0.19230769230769232 0.4495192307692308
2 0.5192307692307693 0.2920673076923077 0.09014423076923077 0.10576923076923077
2 0.37259615384615385 0.31850961538461536 0.0733173076923077 0.08653846153846154
2 0.17067307692307693 0.30288461538461536 0.08173076923076923 0.09375
2 0.14783653846153846 0.42427884615384615 0.0829326923076923 0.1045673076923077