7 0.7608173076923077 0.5252403846153846 0.046875 0.06730769230769229
7 0.3449519230769231 0.25841346153846156 0.02644230769230771 0.0324519230769231
7 0.8966346153846154 0.15625 0.04206730769230771 0.05649038461538461
4 0.6189903846153846 0.5841346153846154 0.04807692307692313 0.07331730769230771
4 0.37259615384615385 0.5348557692307692 0.04567307692307693 0.043269230769230727
5 0.342548076923077 0.3173076923076923 0.04567307692307693 0.07451923076923078
5 0.3533653846153847 0.611778846153846 0.05649038461538464 0.10096153846153844
5 0.5709134615384616 0.6802884615384615 0.08293269230769229 0.13701923076923073
5 0.765625 0.6358173076923077 0.09975961538461542 0.14663461538461542
5 0.9158653846153846 0.2512019230769231 0.08774038461538458 0.140625
3 0.36538461538461536 0.5865384615384616 0.08894230769230771 0.15504807692307687
3 0.344951923076923 0.3713942307692307 0.07692307692307693 0.23798076923076922
3 0.4891826923076923 0.358173076923077 0.07211538461538458 0.19711538461538464
3 0.5817307692307693 0.6658653846153846 0.11418269230769229 0.22235576923076916
3 0.7740384615384617 0.6658653846153846 0.11778846153846156 0.3365384615384616
3 0.9134615384615384 0.32091346153846156 0.09975961538461542 0.39182692307692313
