3 0.22235576923076925 0.6971153846153846 0.19230769230769235 0.3028846153846154
3 0.4591346153846154 0.6971153846153846 0.21514423076923084 0.407451923076923
3 0.7644230769230769 0.6814903846153846 0.19951923076923084 0.3341346153846154
3 0.17788461538461542 0.6971153846153846 0.08653846153846154 0.280048076923077
4 0.25961538461538464 0.5721153846153846 0.11418269230769229 0.05649038461538458
4 0.19350961538461542 0.578125 0.05168269230769232 0.034855769230769273
4 0.7463942307692307 0.5300480769230769 0.06730769230769229 0.046875
7 0.44350961538461536 0.5168269230769231 0.08293269230769229 0.03605769230769229
6 0.6983173076923077 0.5637019230769231 0.0625 0.03725961538461542
3 0.6983173076923077 0.6778846153846154 0.06610576923076927 0.266826923076923
