0 0.2920673076923077 0.27524038461538464 0.2403846153846154 0.22355769230769232
6 0.5745192307692307 0.3894230769230769 0.2644230769230769 0.24278846153846154
6 0.8341346153846154 0.34134615384615385 0.23076923076923078 0.20793269230769232
5 0.25600961538461536 0.7199519230769231 0.3245192307692308 0.5480769230769231
5 0.453125 0.7367788461538461 0.4723557692307692 0.5012019230769231
5 0.8004807692307693 0.7079326923076923 0.3918269230769231 0.5252403846153846
3 0.2644230769230769 0.5745192307692307 0.3449519230769231 0.8161057692307693
3 0.49038461538461536 0.6322115384615384 0.43149038461538464 0.7175480769230769
3 0.7956730769230769 0.5973557692307693 0.40625 0.7463942307692307
1 0.8425480769230769 0.4699519230769231 0.15264423076923078 0.078125
1 0.6201923076923077 0.4963942307692308 0.09375 0.055288461538461536