2 0.5096153846153846 0.19230769230769232 0.12620192307692302 0.19951923076923078
2 0.2872596153846154 0.2692307692307692 0.15024038461538464 0.24879807692307696
2 0.17067307692307693 0.3004807692307692 0.05649038461538461 0.10456730769230771
2 0.7872596153846154 0.3016826923076923 0.10456730769230771 0.1838942307692308
2 0.03725961538461539 0.3161057692307692 0.024038461538461543 0.046875
3 0.15264423076923078 0.4050480769230769 0.12379807692307693 0.3473557692307693
3 0.04326923076923077 0.41225961538461536 0.06971153846153846 0.22596153846153844
3 0.5072115384615385 0.5384615384615384 0.2536057692307693 0.9206730769230769
3 0.2692307692307693 0.5721153846153846 0.20793269230769235 0.8473557692307692
3 0.8052884615384617 0.5877403846153846 0.3317307692307693 0.7860576923076923
