5 0.8353365384615384 0.27884615384615385 0.08894230769230771 0.2295673076923077
7 0.5733173076923077 0.3125 0.0625 0.09975961538461542
5 0.07211538461538461 0.32211538461538464 0.09735576923076922 0.25
3 0.828125 0.34375 0.12860576923076916 0.5817307692307692
3 0.08894230769230768 0.3689903846153846 0.14423076923076922 0.5685096153846154
0 0.34975961538461536 0.3786057692307693 0.0625 0.10336538461538464
5 0.46514423076923084 0.41466346153846156 0.09855769230769235 0.2391826923076923
3 0.5805288461538461 0.4182692307692308 0.12379807692307687 0.329326923076923
5 0.5661057692307693 0.44711538461538464 0.07211538461538458 0.15264423076923073
3 0.4651442307692307 0.4483173076923077 0.10817307692307687 0.3533653846153846
3 0.390625 0.4495192307692307 0.05889423076923078 0.26442307692307687
5 0.38461538461538464 0.4879807692307693 0.0625 0.15745192307692313
5 0.31009615384615385 0.5564903846153846 0.08293269230769229 0.30048076923076916
3 0.3173076923076923 0.6394230769230769 0.11538461538461542 0.6466346153846154
7 0.06490384615384616 0.14543269230769232 0.07331730769230768 0.078125
