2 0.19831730769230768 0.27163461538461536 0.12860576923076922 0.23918269230769232
3 0.3713942307692308 0.5120192307692307 0.29086538461538464 0.9579326923076923
3 0.5853365384615384 0.5204326923076923 0.24519230769230768 0.8966346153846154
5 0.7704326923076923 0.5204326923076923 0.2620192307692308 0.44350961538461536
3 0.7992788461538461 0.5408653846153846 0.31971153846153844 0.9158653846153846
5 0.578125 0.5504807692307693 0.2091346153846154 0.4579326923076923
3 0.17067307692307693 0.5745192307692307 0.25961538461538464 0.8485576923076923
5 0.17908653846153846 0.6081730769230769 0.24278846153846154 0.4807692307692308
4 0.3954326923076923 0.12860576923076922 0.15985576923076922 0.17548076923076922
6 0.5492788461538461 0.1622596153846154 0.15144230769230768 0.1622596153846154
2 0.7403846153846154 0.21033653846153846 0.13221153846153846 0.24278846153846154