3 0.32211538461538464 0.7355769230769231 0.16346153846153846 0.4963942307692308
3 0.2091346153846154 0.7403846153846154 0.12980769230769232 0.5012019230769231
3 0.06129807692307692 0.6526442307692307 0.07932692307692307 0.20793269230769232
3 0.2776442307692308 0.5949519230769231 0.051682692307692304 0.11538461538461539
3 0.3894230769230769 0.7463942307692307 0.08774038461538461 0.4651442307692308
3 0.4519230769230769 0.7524038461538461 0.10336538461538461 0.4579326923076923
3 0.5432692307692307 0.7572115384615384 0.08173076923076923 0.4543269230769231
3 0.6358173076923077 0.7427884615384616 0.12139423076923077 0.4855769230769231
3 0.7427884615384616 0.7487980769230769 0.10817307692307693 0.4699519230769231
3 0.8185096153846154 0.7680288461538461 0.06129807692307692 0.4387019230769231
3 0.9206730769230769 0.7608173076923077 0.109375 0.46875
6 0.05048076923076923 0.5793269230769231 0.04567307692307692 0.06370192307692307
6 0.19951923076923078 0.5360576923076923 0.06850961538461539 0.078125
6 0.2848557692307692 0.5625 0.036057692307692304 0.056490384615384616
6 0.32091346153846156 0.5348557692307693 0.0733173076923077 0.0985576923076923
6 0.375 0.5480769230769231 0.04326923076923077 0.0673076923076923
6 0.4411057692307692 0.5516826923076923 0.04807692307692308 0.046875
6 0.5588942307692307 0.5612980769230769 0.051682692307692304 0.04567307692307692
6 0.6201923076923077 0.5444711538461539 0.08413461538461539 0.09254807692307693
6 0.7487980769230769 0.5408653846153846 0.055288461538461536 0.052884615384615384
6 0.8149038461538461 0.5793269230769231 0.04807692307692308 0.052884615384615384
6 0.9290865384615384 0.5612980769230769 0.06129807692307692 0.05889423076923077
5 0.055288461538461536 0.6742788461538461 0.0673076923076923 0.13942307692307693
5 0.20432692307692307 0.7487980769230769 0.12620192307692307 0.265625
5 0.31971153846153844 0.7788461538461539 0.13221153846153846 0.2800480769230769
5 0.3870192307692308 0.7019230769230769 0.0673076923076923 0.1875
5 0.4411057692307692 0.6911057692307693 0.0829326923076923 0.18028846153846154
5 0.5492788461538461 0.7043269230769231 0.0673076923076923 0.16826923076923078
5 0.6370192307692307 0.7620192307692307 0.10096153846153846 0.265625
5 0.7536057692307693 0.6947115384615384 0.0889423076923077 0.21875
5 0.8269230769230769 0.7307692307692307 0.0625 0.19831730769230768
5 0.9278846153846154 0.7127403846153846 0.0985576923076923 0.18269230769230768