2 0.7235576923076923 0.24278846153846154 0.12139423076923077 0.20793269230769232
2 0.2620192307692308 0.2956730769230769 0.12980769230769232 0.2283653846153846
2 0.41466346153846156 0.31009615384615385 0.057692307692307696 0.14903846153846154
2 0.5625 0.3233173076923077 0.07451923076923077 0.15625
2 0.8942307692307693 0.33653846153846156 0.057692307692307696 0.09735576923076923
2 0.6141826923076923 0.35216346153846156 0.03485576923076923 0.0889423076923077
2 0.3701923076923077 0.3581730769230769 0.09735576923076923 0.21153846153846154
2 0.15985576923076922 0.36538461538461536 0.07932692307692307 0.12980769230769232
3 0.9026442307692307 0.49278846153846156 0.1141826923076923 0.42788461538461536
3 0.7487980769230769 0.5588942307692307 0.29086538461538464 0.8365384615384616
3 0.25600961538461536 0.59375 0.2439903846153846 0.7932692307692307
3 0.5637019230769231 0.6081730769230769 0.17067307692307693 0.7295673076923077
3 0.41225961538461536 0.6177884615384616 0.21394230769230768 0.7175480769230769