6 0.40625 0.17548076923076922 0.09735576923076922 0.1153846153846154
6 0.8185096153846154 0.1502403846153846 0.12019230769230771 0.18629807692307693
5 0.14182692307692307 0.5841346153846154 0.2391826923076923 0.6754807692307692
5 0.421875 0.3846153846153847 0.18149038461538458 0.26081730769230776
5 0.640625 0.4098557692307692 0.14663461538461542 0.30528846153846156
5 0.8713942307692306 0.4735576923076923 0.19951923076923073 0.47235576923076916
3 0.16826923076923078 0.5120192307692307 0.3064903846153847 0.9579326923076923
3 0.42908653846153844 0.34014423076923084 0.1826923076923077 0.45312500000000006
3 0.6394230769230769 0.3581730769230769 0.18870192307692302 0.5192307692307693
3 0.8533653846153846 0.45072115384615385 0.25721153846153844 0.8016826923076923
1 0.6117788461538461 0.19951923076923078 0.04807692307692313 0.03245192307692307
