0 0.5252403846153846 0.22355769230769232 0.055288461538461536 0.0625
0 0.5661057692307693 0.2247596153846154 0.04326923076923077 0.056490384615384616
0 0.7908653846153846 0.2439903846153846 0.057692307692307696 0.056490384615384616
7 0.6081730769230769 0.27163461538461536 0.056490384615384616 0.05048076923076923
7 0.6165865384615384 0.24639423076923078 0.051682692307692304 0.04807692307692308
7 0.6646634615384616 0.24639423076923078 0.057692307692307696 0.0625
7 0.7536057692307693 0.23197115384615385 0.036057692307692304 0.051682692307692304
7 0.8317307692307693 0.22355769230769232 0.055288461538461536 0.05889423076923077
7 0.8978365384615384 0.2283653846153846 0.0673076923076923 0.0625
6 0.7139423076923077 0.2091346153846154 0.05889423076923077 0.05889423076923077
5 0.5396634615384616 0.4098557692307692 0.1141826923076923 0.23798076923076922
5 0.453125 0.3798076923076923 0.05048076923076923 0.21514423076923078
5 0.48677884615384615 0.3125 0.04807692307692308 0.09975961538461539
5 0.6262019230769231 0.4543269230769231 0.06850961538461539 0.21153846153846154
5 0.7247596153846154 0.39783653846153844 0.11778846153846154 0.22596153846153846
5 0.8197115384615384 0.39663461538461536 0.055288461538461536 0.18389423076923078
5 0.9074519230769231 0.42788461538461536 0.12860576923076922 0.24519230769230768
3 0.4423076923076923 0.33774038461538464 0.09975961538461539 0.3161057692307692
3 0.4855769230769231 0.3016826923076923 0.09735576923076923 0.265625
3 0.53125 0.4230769230769231 0.14423076923076922 0.4723557692307692
3 0.5661057692307693 0.24639423076923078 0.05048076923076923 0.1045673076923077
3 0.6370192307692307 0.49278846153846156 0.109375 0.4723557692307692
3 0.6706730769230769 0.4651442307692308 0.05889423076923077 0.4807692307692308
3 0.7127403846153846 0.44711538461538464 0.15144230769230768 0.5348557692307693
3 0.75 0.25 0.037259615384615384 0.08413461538461539
3 0.8088942307692307 0.4651442307692308 0.109375 0.4987980769230769
3 0.8317307692307693 0.25721153846153844 0.057692307692307696 0.13221153846153846
3 0.90625 0.453125 0.15625 0.5120192307692307