6 0.7716346153846154 0.24519230769230768 0.078125 0.07451923076923077
7 0.6274038461538461 0.25600961538461536 0.07932692307692307 0.08173076923076923
6 0.45552884615384615 0.25721153846153844 0.06370192307692307 0.06850961538461539
7 0.2403846153846154 0.37259615384615385 0.0625 0.0673076923076923
5 0.7764423076923077 0.4411057692307692 0.1502403846153846 0.2512019230769231
5 0.46153846153846156 0.47596153846153844 0.15504807692307693 0.2668269230769231
5 0.6370192307692307 0.4807692307692308 0.14182692307692307 0.2800480769230769
5 0.2247596153846154 0.5588942307692307 0.1466346153846154 0.23557692307692307
3 0.8016826923076923 0.5709134615384616 0.23798076923076922 0.7668269230769231
3 0.6298076923076923 0.6009615384615384 0.22235576923076922 0.7860576923076923
3 0.45913461538461536 0.6021634615384616 0.1971153846153846 0.7668269230769231
3 0.21153846153846154 0.6394230769230769 0.23557692307692307 0.6730769230769231