2 0.4362980769230769 0.3112980769230769 0.0889423076923077 0.16826923076923078
2 0.1502403846153846 0.3112980769230769 0.125 0.203125
2 0.8064903846153846 0.3112980769230769 0.1141826923076923 0.21995192307692307
2 0.7043269230769231 0.34975961538461536 0.07932692307692307 0.16105769230769232
2 0.3762019230769231 0.3798076923076923 0.06129807692307692 0.08173076923076923
2 0.23197115384615385 0.3858173076923077 0.038461538461538464 0.08774038461538461
2 0.5348557692307693 0.3918269230769231 0.056490384615384616 0.1045673076923077
2 0.27524038461538464 0.4230769230769231 0.038461538461538464 0.06850961538461539
3 0.2932692307692308 0.5721153846153846 0.0985576923076923 0.3605769230769231
3 0.8677884615384616 0.5913461538461539 0.2403846153846154 0.7704326923076923
3 0.17307692307692307 0.5973557692307693 0.31971153846153844 0.7752403846153846
3 0.44711538461538464 0.6117788461538461 0.22355769230769232 0.7704326923076923
3 0.6862980769230769 0.6286057692307693 0.2091346153846154 0.7379807692307693