4 0.2824519230769231 0.5324519230769231 0.046875 0.04807692307692308
4 0.35096153846153844 0.5492788461538461 0.038461538461538464 0.038461538461538464
4 0.4230769230769231 0.5432692307692307 0.038461538461538464 0.038461538461538464
4 0.5685096153846154 0.5841346153846154 0.038461538461538464 0.036057692307692304
4 0.6298076923076923 0.5444711538461539 0.040865384615384616 0.04807692307692308
4 0.6995192307692307 0.5480769230769231 0.04567307692307692 0.042067307692307696
3 0.2764423076923077 0.7355769230769231 0.09975961538461539 0.44350961538461536
3 0.3581730769230769 0.7355769230769231 0.08413461538461539 0.4375
3 0.4254807692307692 0.7307692307692307 0.0889423076923077 0.45913461538461536
3 0.49038461538461536 0.7463942307692307 0.09375 0.4170673076923077
3 0.5685096153846154 0.7536057692307693 0.0889423076923077 0.4014423076923077
3 0.6358173076923077 0.7403846153846154 0.07211538461538461 0.44711538461538464
3 0.7091346153846154 0.7463942307692307 0.09375 0.4699519230769231