0 0.2283653846153846 0.6201923076923077 0.02403846153846154 0.037259615384615384
0 0.3245192307692308 0.4831730769230769 0.025240384615384616 0.025240384615384616
0 0.36899038461538464 0.5084134615384616 0.021634615384615384 0.030048076923076924
0 0.45913461538461536 0.5372596153846154 0.02403846153846154 0.037259615384615384
0 0.47115384615384615 0.6730769230769231 0.03245192307692308 0.036057692307692304
0 0.7439903846153846 0.37740384615384615 0.020432692307692308 0.030048076923076924
0 0.7752403846153846 0.5600961538461539 0.02403846153846154 0.030048076923076924
0 0.8004807692307693 0.27163461538461536 0.02403846153846154 0.02403846153846154
0 0.8461538461538461 0.3293269230769231 0.020432692307692308 0.025240384615384616
0 0.6766826923076923 0.1971153846153846 0.019230769230769232 0.02403846153846154
0 0.6766826923076923 0.13942307692307693 0.021634615384615384 0.020432692307692308
0 0.49158653846153844 0.09735576923076923 0.016826923076923076 0.021634615384615384
0 0.6033653846153846 0.09254807692307693 0.016826923076923076 0.025240384615384616
6 0.6237980769230769 0.34975961538461536 0.03125 0.036057692307692304
3 0.2536057692307692 0.640625 0.09014423076923077 0.09014423076923077
3 0.35216346153846156 0.5540865384615384 0.06370192307692307 0.12620192307692307
3 0.3125 0.5252403846153846 0.05889423076923077 0.140625
3 0.44711538461538464 0.578125 0.07932692307692307 0.1466346153846154
3 0.4699519230769231 0.7584134615384616 0.06971153846153846 0.20793269230769232
3 0.36778846153846156 0.7620192307692307 0.0733173076923077 0.13221153846153846
3 0.765625 0.6418269230769231 0.06610576923076923 0.203125
3 0.8088942307692307 0.5252403846153846 0.055288461538461536 0.16706730769230768
3 0.7463942307692307 0.44350961538461536 0.051682692307692304 0.1875
3 0.6262019230769231 0.42788461538461536 0.04807692307692308 0.1875
3 0.5576923076923077 0.4230769230769231 0.056490384615384616 0.19471153846153846
3 0.8810096153846154 0.4387019230769231 0.046875 0.1875
3 0.9771634615384616 0.4675480769230769 0.042067307692307696 0.17307692307692307
3 0.8040865384615384 0.3425480769230769 0.051682692307692304 0.18028846153846154
3 0.8665865384615384 0.30649038461538464 0.042067307692307696 0.09735576923076923
3 0.7403846153846154 0.2824519230769231 0.04807692307692308 0.12620192307692307
3 0.6850961538461539 0.25841346153846156 0.04807692307692308 0.13942307692307693
3 0.671875 0.1935096153846154 0.046875 0.13581730769230768
3 0.609375 0.12139423076923077 0.046875 0.109375
3 0.49158653846153844 0.11177884615384616 0.051682692307692304 0.07692307692307693