4 0.7848557692307693 0.3605769230769231 0.051682692307692304 0.07211538461538461
4 0.21153846153846154 0.2848557692307692 0.042067307692307696 0.06850961538461539
4 0.06129807692307692 0.2932692307692308 0.04326923076923077 0.07932692307692307
6 0.2620192307692308 0.31490384615384615 0.03485576923076923 0.06370192307692307
6 0.6418269230769231 0.3629807692307692 0.03245192307692308 0.06370192307692307
6 0.109375 0.2956730769230769 0.040865384615384616 0.0733173076923077
6 0.016826923076923076 0.2824519230769231 0.03365384615384615 0.0985576923076923
6 0.027644230769230768 0.2247596153846154 0.051682692307692304 0.07211538461538461
3 0.028846153846153848 0.5709134615384616 0.055288461538461536 0.7740384615384616
3 0.06490384615384616 0.5324519230769231 0.07692307692307693 0.6730769230769231
3 0.11538461538461539 0.5552884615384616 0.06610576923076923 0.6033653846153846
3 0.15985576923076922 0.5408653846153846 0.0673076923076923 0.5360576923076923
3 0.21995192307692307 0.5096153846153846 0.09495192307692307 0.5036057692307693
3 0.2704326923076923 0.4855769230769231 0.052884615384615384 0.42788461538461536
3 0.6466346153846154 0.5420673076923077 0.0733173076923077 0.4567307692307692
3 0.7944711538461539 0.6442307692307693 0.14543269230769232 0.6610576923076923
2 0.16346153846153846 0.33413461538461536 0.030048076923076924 0.07451923076923077