6 0.3137019230769231 0.6442307692307693 0.020432692307692308 0.03245192307692308
6 0.2247596153846154 0.5637019230769231 0.025240384615384616 0.036057692307692304
6 0.23557692307692307 0.48197115384615385 0.019230769230769232 0.02403846153846154
6 0.3401442307692308 0.49759615384615385 0.021634615384615384 0.026442307692307692
6 0.3894230769230769 0.46875 0.019230769230769232 0.019230769230769232
6 0.44591346153846156 0.59375 0.020432692307692308 0.040865384615384616
3 0.2956730769230769 0.6802884615384616 0.057692307692307696 0.10336538461538461
3 0.24158653846153846 0.6237980769230769 0.057692307692307696 0.15504807692307693
3 0.2403846153846154 0.5096153846153846 0.037259615384615384 0.078125
3 0.3485576923076923 0.5552884615384616 0.046875 0.14182692307692307
3 0.39302884615384615 0.5168269230769231 0.036057692307692304 0.11538461538461539
3 0.44471153846153844 0.6466346153846154 0.04807692307692308 0.15625