6 0.03245192307692308 0.2644230769230769 0.052884615384615384 0.0733173076923077
6 0.11538461538461539 0.32211538461538464 0.052884615384615384 0.08653846153846154
6 0.203125 0.23677884615384615 0.056490384615384616 0.09495192307692307
6 0.27884615384615385 0.30528846153846156 0.055288461538461536 0.09014423076923077
6 0.3473557692307692 0.21754807692307693 0.057692307692307696 0.0829326923076923
6 0.4411057692307692 0.23557692307692307 0.056490384615384616 0.078125
6 0.5144230769230769 0.23918269230769232 0.046875 0.08413461538461539
6 0.5997596153846154 0.27403846153846156 0.057692307692307696 0.078125
6 0.6995192307692307 0.22355769230769232 0.055288461538461536 0.078125
6 0.7752403846153846 0.14903846153846154 0.0625 0.09495192307692307
6 0.8293269230769231 0.18389423076923078 0.046875 0.08774038461538461
6 0.8677884615384616 0.21394230769230768 0.05889423076923077 0.08413461538461539
6 0.9411057692307693 0.19110576923076922 0.08413461538461539 0.11298076923076923
5 0.12620192307692307 0.5228365384615384 0.08774038461538461 0.2644230769230769
5 0.20432692307692307 0.46153846153846156 0.10096153846153846 0.3004807692307692
5 0.27524038461538464 0.5036057692307693 0.07932692307692307 0.25721153846153844
5 0.35096153846153844 0.4483173076923077 0.10576923076923077 0.27163461538461536
5 0.44591346153846156 0.4567307692307692 0.09495192307692307 0.3125
5 0.5216346153846154 0.4495192307692308 0.08653846153846154 0.2848557692307692
5 0.6069711538461539 0.47115384615384615 0.09254807692307693 0.27403846153846156
5 0.7019230769230769 0.45913461538461536 0.09375 0.30288461538461536
5 0.7872596153846154 0.4074519230769231 0.10096153846153846 0.31971153846153844
5 0.8641826923076923 0.4879807692307692 0.07211538461538461 0.34375
5 0.9423076923076923 0.4855769230769231 0.11298076923076923 0.3762019230769231
3 0.04326923076923077 0.6105769230769231 0.08173076923076923 0.7644230769230769
3 0.12860576923076922 0.6286057692307693 0.11057692307692307 0.6971153846153846
3 0.21754807692307693 0.5853365384615384 0.12860576923076922 0.7764423076923077
3 0.2824519230769231 0.6117788461538461 0.09254807692307693 0.7235576923076923
3 0.3473557692307692 0.5817307692307693 0.10576923076923077 0.8112980769230769
3 0.4387019230769231 0.5865384615384616 0.09254807692307693 0.7824519230769231
3 0.5228365384615384 0.5745192307692307 0.11778846153846154 0.7800480769230769
3 0.6129807692307693 0.6105769230769231 0.11057692307692307 0.7512019230769231
3 0.7115384615384616 0.5805288461538461 0.125 0.8052884615384616
3 0.7908653846153846 0.5432692307692307 0.125 0.8846153846153846
3 0.8677884615384616 0.5588942307692307 0.09975961538461539 0.8028846153846154
3 0.9411057692307693 0.5336538461538461 0.11538461538461539 0.8449519230769231