6 0.17067307692307693 0.3557692307692308 0.1658653846153846 0.19831730769230768
6 0.05889423076923077 0.32572115384615385 0.09735576923076923 0.08653846153846154
5 0.671875 0.4338942307692308 0.05889423076923077 0.09375
5 0.7487980769230769 0.47716346153846156 0.09014423076923077 0.13942307692307693
5 0.8966346153846154 0.6189903846153846 0.18028846153846154 0.41586538461538464
3 0.140625 0.6322115384615384 0.24639423076923078 0.7235576923076923
3 0.39903846153846156 0.4675480769230769 0.09254807692307693 0.3449519230769231
3 0.8545673076923077 0.6081730769230769 0.2439903846153846 0.7752403846153846
3 0.7548076923076923 0.5408653846153846 0.1466346153846154 0.3088942307692308
3 0.6814903846153846 0.46153846153846156 0.0733173076923077 0.2548076923076923
7 0.6754807692307693 0.36778846153846156 0.027644230769230768 0.037259615384615384