3 0.5721153846153846 0.5456730769230769 0.21514423076923084 0.2704326923076923
3 0.5324519230769231 0.2548076923076923 0.16826923076923084 0.26201923076923084
3 0.8257211538461539 0.36778846153846156 0.2295673076923077 0.2560096153846154
7 0.6442307692307693 0.453125 0.07211538461538458 0.09014423076923078
7 0.5384615384615384 0.32572115384615385 0.07932692307692313 0.10096153846153849
7 0.8185096153846154 0.3377403846153847 0.078125 0.10576923076923078
5 0.5492788461538461 0.5348557692307693 0.14182692307692313 0.21274038461538458
5 0.5348557692307693 0.21033653846153846 0.1298076923076923 0.15504807692307693
5 0.8665865384615385 0.35576923076923084 0.08653846153846156 0.18149038461538464
5 0.14182692307692307 0.4206730769230769 0.11778846153846155 0.125
7 0.056490384615384616 0.4002403846153847 0.06129807692307691 0.10336538461538464
3 0.125 0.40745192307692313 0.19350961538461542 0.18750000000000006
