6 0.9050480769230769 0.5348557692307693 0.0733173076923077 0.0985576923076923
4 0.48197115384615385 0.5276442307692307 0.04567307692307692 0.046875
3 0.4098557692307692 0.6802884615384616 0.07932692307692307 0.3641826923076923
3 0.47596153846153844 0.6862980769230769 0.08173076923076923 0.3473557692307692
3 0.5432692307692307 0.5745192307692307 0.052884615384615384 0.13701923076923078
3 0.5829326923076923 0.7283653846153846 0.1502403846153846 0.5216346153846154
3 0.7644230769230769 0.6995192307692307 0.14182692307692307 0.53125
3 0.8966346153846154 0.7391826923076923 0.10576923076923077 0.49038461538461536
3 0.8846153846153846 0.6658653846153846 0.0985576923076923 0.43149038461538464
2 0.765625 0.49399038461538464 0.06610576923076923 0.11538461538461539
2 0.41225961538461536 0.5096153846153846 0.03125 0.04326923076923077
2 0.5552884615384616 0.5324519230769231 0.027644230769230768 0.04326923076923077
2 0.6177884615384616 0.5216346153846154 0.078125 0.12139423076923077