2 0.6706730769230769 0.35096153846153844 0.04086538461538458 0.06730769230769229
2 0.2403846153846154 0.36778846153846156 0.05288461538461536 0.10096153846153849
2 0.5745192307692307 0.3701923076923077 0.05649038461538458 0.09735576923076922
2 0.8701923076923077 0.373798076923077 0.05649038461538458 0.09014423076923078
2 0.9399038461538461 0.373798076923077 0.03605769230769229 0.07451923076923078
2 0.7043269230769231 0.3810096153846153 0.050480769230769273 0.08413461538461536
2 0.3425480769230769 0.3942307692307692 0.03605769230769229 0.06971153846153844
2 0.4495192307692308 0.40625 0.05769230769230771 0.09014423076923078
2 0.171875 0.407451923076923 0.046875 0.08413461538461536
2 0.28846153846153844 0.40745192307692313 0.04807692307692307 0.07211538461538464
2 0.09375 0.4435096153846154 0.0685096153846154 0.10336538461538464
3 0.9399038461538461 0.4675480769230769 0.08293269230769229 0.2872596153846153
3 0.359375 0.5252403846153846 0.08413461538461542 0.34735576923076916
3 0.71875 0.5793269230769231 0.12139423076923073 0.4951923076923077
3 0.5913461538461539 0.5841346153846154 0.13942307692307687 0.5048076923076923
3 0.8725961538461537 0.5925480769230769 0.16346153846153844 0.5252403846153846
3 0.4591346153846153 0.5961538461538461 0.13942307692307687 0.4927884615384615
3 0.24158653846153846 0.6069711538461539 0.13581730769230765 0.5829326923076923
3 0.08052884615384617 0.6875 0.15504807692307693 0.6057692307692308
