7 0.22596153846153846 0.12860576923076922 0.1045673076923077 0.1622596153846154
7 0.8161057692307693 0.15504807692307693 0.0889423076923077 0.171875
5 0.17307692307692307 0.3762019230769231 0.14903846153846154 0.390625
5 0.34134615384615385 0.4651442307692308 0.12620192307692307 0.34975961538461536
5 0.7223557692307693 0.3641826923076923 0.18870192307692307 0.390625
5 0.9194711538461539 0.6286057692307693 0.15745192307692307 0.22355769230769232
5 0.6141826923076923 0.45552884615384615 0.05889423076923077 0.28846153846153844
3 0.1658653846153846 0.5204326923076923 0.2127403846153846 0.9314903846153846
3 0.34975961538461536 0.5685096153846154 0.15745192307692307 0.8329326923076923
3 0.7355769230769231 0.5348557692307693 0.2512019230769231 0.9122596153846154
3 0.9074519230769231 0.7487980769230769 0.17307692307692307 0.4987980769230769