7 0.42427884615384615 0.22956730769230768 0.14182692307692307 0.19951923076923078
6 0.5745192307692307 0.24519230769230768 0.171875 0.19951923076923078
1 0.41466346153846156 0.31971153846153844 0.13942307692307693 0.07451923076923078
1 0.5661057692307693 0.33173076923076916 0.11418269230769229 0.07692307692307693
3 0.20673076923076922 0.49879807692307687 0.391826923076923 0.984375
3 0.5877403846153846 0.5528846153846154 0.21274038461538458 0.8641826923076923
3 0.4266826923076923 0.5564903846153846 0.18389423076923084 0.8822115384615383
5 0.19230769230769232 0.6466346153846154 0.3713942307692308 0.703125
5 0.5432692307692307 0.7091346153846154 0.20192307692307687 0.5793269230769231
1 0.29567307692307687 0.14302884615384615 0.16706730769230765 0.07692307692307693
