3 0.18870192307692307 0.6153846153846154 0.234375 0.7620192307692307
3 0.4206730769230769 0.6454326923076923 0.2692307692307692 0.703125
3 0.5865384615384616 0.5997596153846154 0.171875 0.7920673076923077
3 0.6995192307692307 0.6442307692307693 0.2608173076923077 0.7067307692307693
5 0.1814903846153846 0.6382211538461539 0.20432692307692307 0.46153846153846156
5 0.421875 0.7307692307692307 0.2536057692307692 0.49038461538461536
5 0.7019230769230769 0.6658653846153846 0.25 0.4026442307692308
6 0.1778846153846154 0.3112980769230769 0.15985576923076922 0.13221153846153846
6 0.4230769230769231 0.38221153846153844 0.15504807692307693 0.1778846153846154
6 0.7067307692307693 0.3605769230769231 0.1466346153846154 0.14903846153846154
4 0.5901442307692307 0.25961538461538464 0.11899038461538461 0.0985576923076923