3 0.18990384615384615 0.6286057692307693 0.24278846153846156 0.7403846153846154
3 0.37379807692307687 0.6634615384615384 0.16706730769230765 0.6514423076923077
3 0.5685096153846154 0.6322115384615384 0.22836538461538458 0.7307692307692306
3 0.7752403846153846 0.6490384615384616 0.23076923076923084 0.6911057692307694
7 0.25961538461538464 0.3329326923076923 0.12139423076923075 0.15264423076923078
7 0.39903846153846156 0.389423076923077 0.10576923076923078 0.10576923076923078
7 0.5384615384615384 0.3221153846153847 0.09254807692307687 0.09014423076923078
7 0.7127403846153846 0.3653846153846154 0.10817307692307698 0.10576923076923078
5 0.16826923076923078 0.6021634615384616 0.1983173076923077 0.4615384615384615
5 0.36899038461538464 0.6730769230769231 0.171875 0.3798076923076923
5 0.5564903846153846 0.5985576923076923 0.1983173076923077 0.36298076923076916
5 0.7680288461538461 0.6394230769230769 0.2079326923076923 0.390625
