6 0.4074519230769231 0.30528846153846156 0.055288461538461536 0.06370192307692307
6 0.5300480769230769 0.35096153846153844 0.06370192307692307 0.07692307692307693
6 0.6550480769230769 0.27884615384615385 0.0733173076923077 0.08653846153846154
6 0.7980769230769231 0.17668269230769232 0.10336538461538461 0.09975961538461539
5 0.4230769230769231 0.45552884615384615 0.109375 0.20192307692307693
5 0.5492788461538461 0.5240384615384616 0.11778846153846154 0.25
5 0.6754807692307693 0.484375 0.13942307692307693 0.27163461538461536
5 0.8305288461538461 0.4326923076923077 0.18269230769230768 0.3317307692307692
3 0.4230769230769231 0.5252403846153846 0.17307692307692307 0.5168269230769231
3 0.5432692307692307 0.5889423076923077 0.1346153846153846 0.5528846153846154
3 0.6754807692307693 0.5829326923076923 0.16826923076923078 0.6838942307692307
3 0.8509615384615384 0.5600961538461539 0.25721153846153844 0.8737980769230769
1 0.7920673076923077 0.22115384615384615 0.05889423076923077 0.04567307692307692