5 0.33413461538461536 0.35216346153846156 0.078125 0.18870192307692307
5 0.4014423076923077 0.38341346153846156 0.08774038461538461 0.20192307692307693
5 0.5324519230769231 0.39663461538461536 0.08173076923076923 0.1935096153846154
5 0.8149038461538461 0.43149038461538464 0.12980769230769232 0.2668269230769231
7 0.1346153846153846 0.4807692307692308 0.0829326923076923 0.109375
7 0.2644230769230769 0.44591346153846156 0.06971153846153846 0.09495192307692307
7 0.3233173076923077 0.20793269230769232 0.046875 0.056490384615384616
7 0.5264423076923077 0.2536057692307692 0.052884615384615384 0.05889423076923077
0 0.8040865384615384 0.25721153846153844 0.07692307692307693 0.0985576923076923
0 0.4182692307692308 0.24278846153846154 0.0673076923076923 0.06971153846153846
3 0.10817307692307693 0.6310096153846154 0.1622596153846154 0.41346153846153844
3 0.2283653846153846 0.5673076923076923 0.13701923076923078 0.36538461538461536
3 0.32572115384615385 0.41586538461538464 0.0889423076923077 0.4951923076923077
3 0.39663461538461536 0.46153846153846156 0.078125 0.5192307692307693
3 0.5240384615384616 0.3858173076923077 0.09495192307692307 0.3317307692307692
3 0.8100961538461539 0.5288461538461539 0.20192307692307693 0.6418269230769231