3 0.21394230769230768 0.6862980769230769 0.2283653846153846 0.5949519230769231
3 0.3918269230769231 0.7475961538461539 0.1658653846153846 0.4855769230769231
3 0.5504807692307693 0.6778846153846154 0.20673076923076922 0.5889423076923077
3 0.7644230769230769 0.6694711538461539 0.23317307692307693 0.6358173076923077
5 0.2283653846153846 0.7163461538461539 0.1971153846153846 0.38221153846153844
5 0.3954326923076923 0.8221153846153846 0.17548076923076922 0.3293269230769231
5 0.53125 0.6923076923076923 0.1778846153846154 0.35336538461538464
5 0.7764423076923077 0.7487980769230769 0.23798076923076922 0.44711538461538464
6 0.24639423076923078 0.4362980769230769 0.12860576923076922 0.12980769230769232
6 0.3894230769230769 0.5540865384615384 0.09975961538461539 0.10817307692307693
6 0.5120192307692307 0.4362980769230769 0.09375 0.11057692307692307
6 0.7391826923076923 0.4206730769230769 0.15625 0.14423076923076922
1 0.2536057692307692 0.4831730769230769 0.06971153846153846 0.03245192307692308
1 0.7379807692307693 0.45913461538461536 0.08173076923076923 0.046875