2 0.3004807692307692 0.4230769230769231 0.04326923076923077 0.07211538461538461
2 0.33774038461538464 0.4495192307692308 0.04807692307692308 0.0829326923076923
2 0.03245192307692308 0.4519230769230769 0.052884615384615384 0.07692307692307693
2 0.7307692307692307 0.46274038461538464 0.0625 0.09375
2 0.38461538461538464 0.46634615384615385 0.03125 0.057692307692307696
2 0.5480769230769231 0.4675480769230769 0.04326923076923077 0.07451923076923077
2 0.25721153846153844 0.47596153846153844 0.052884615384615384 0.07692307692307693
2 0.47836538461538464 0.47836538461538464 0.055288461538461536 0.0829326923076923
3 0.40024038461538464 0.6310096153846154 0.0733173076923077 0.4026442307692308
3 0.03485576923076923 0.6370192307692307 0.06129807692307692 0.4699519230769231
3 0.5637019230769231 0.6394230769230769 0.078125 0.4206730769230769
3 0.23677884615384615 0.6622596153846154 0.1045673076923077 0.46274038461538464
3 0.3317307692307692 0.6646634615384616 0.08413461538461539 0.5048076923076923
3 0.4951923076923077 0.6742788461538461 0.09975961538461539 0.4543269230769231
3 0.7355769230769231 0.703125 0.16105769230769232 0.578125