1 0.390625 0.46274038461538464 0.08413461538461539 0.056490384615384616
1 0.6754807692307693 0.44591346153846156 0.0673076923076923 0.06129807692307692
5 0.17067307692307693 0.8161057692307693 0.23557692307692307 0.3641826923076923
5 0.36658653846153844 0.7620192307692307 0.18629807692307693 0.4675480769230769
5 0.5853365384615384 0.8112980769230769 0.22355769230769232 0.375
5 0.7920673076923077 0.7668269230769231 0.2439903846153846 0.4567307692307692
3 0.17668269230769232 0.703125 0.25961538461538464 0.5841346153846154
3 0.3798076923076923 0.6634615384615384 0.1875 0.6670673076923077
3 0.5757211538461539 0.7175480769230769 0.23317307692307693 0.5528846153846154
3 0.8161057692307693 0.6550480769230769 0.3485576923076923 0.6875
2 0.2283653846153846 0.5060096153846154 0.1466346153846154 0.19110576923076922
2 0.3737980769230769 0.4230769230769231 0.12860576923076922 0.16826923076923078
2 0.5853365384615384 0.5240384615384616 0.13221153846153846 0.17307692307692307
2 0.7259615384615384 0.41466346153846156 0.14903846153846154 0.18028846153846154