6 0.21754807692307693 0.5528846153846154 0.06971153846153844 0.058894230769230727
6 0.3269230769230769 0.5865384615384616 0.05168269230769229 0.06370192307692313
6 0.42307692307692313 0.6117788461538461 0.06129807692307693 0.07331730769230771
6 0.5132211538461539 0.5709134615384616 0.05168269230769229 0.06730769230769229
6 0.4567307692307692 0.6081730769230769 0.03605769230769229 0.06370192307692302
6 0.6778846153846154 0.6021634615384616 0.050480769230769273 0.07932692307692313
5 0.20432692307692307 0.6850961538461539 0.109375 0.1766826923076923
5 0.31971153846153844 0.6826923076923077 0.08413461538461542 0.14663461538461542
5 0.3954326923076923 0.7283653846153846 0.08774038461538458 0.1766826923076923
5 0.4579326923076923 0.7247596153846154 0.05889423076923078 0.15625
5 0.5036057692307693 0.6598557692307693 0.06730769230769229 0.14663461538461542
5 0.6526442307692307 0.6887019230769231 0.10456730769230771 0.1670673076923077
6 0.4230769230769231 0.22475961538461542 0.02043269230769229 0.02163461538461539
6 0.47716346153846156 0.22596153846153846 0.024038461538461564 0.019230769230769218
5 0.41346153846153844 0.2668269230769231 0.03125 0.05168269230769229
5 0.4362980769230769 0.2668269230769231 0.02644230769230771 0.05288461538461539
5 0.47836538461538464 0.2692307692307692 0.03605769230769229 0.05769230769230771
3 0.41225961538461536 0.295673076923077 0.03125 0.16586538461538464
3 0.438701923076923 0.2932692307692308 0.03245192307692307 0.15264423076923075
3 0.4807692307692307 0.2932692307692308 0.04807692307692307 0.15625
3 0.2067307692307692 0.7463942307692307 0.13581730769230765 0.46995192307692313
3 0.31370192307692313 0.7512019230769231 0.12139423076923078 0.407451923076923
3 0.3966346153846153 0.7596153846153846 0.10817307692307693 0.405048076923077
3 0.4627403846153847 0.7752403846153846 0.08774038461538464 0.405048076923077
3 0.5096153846153846 0.7175480769230769 0.09855769230769229 0.376201923076923
3 0.6454326923076923 0.6887019230769231 0.171875 0.2920673076923077
3 0.9242788461538461 0.3161057692307693 0.03245192307692313 0.08774038461538464
