6 0.6189903846153846 0.3221153846153847 0.21995192307692302 0.19230769230769235
1 0.8293269230769231 0.34615384615384615 0.1610576923076923 0.11057692307692307
1 0.6009615384615384 0.4278846153846153 0.1454326923076923 0.08173076923076922
3 0.2620192307692308 0.47596153846153844 0.25 0.9134615384615385
3 0.8605769230769231 0.5096153846153846 0.2752403846153846 0.9098557692307692
3 0.6129807692307693 0.6057692307692307 0.40625 0.7860576923076923
5 0.6310096153846154 0.8064903846153846 0.3545673076923077 0.37139423076923084
6 0.2391826923076923 0.12620192307692307 0.18149038461538458 0.21754807692307693
6 0.8689903846153846 0.20793269230769232 0.2596153846153846 0.3004807692307692
1 0.20673076923076925 0.22956730769230768 0.14543269230769235 0.11899038461538464
