5 0.13942307692307693 0.5192307692307694 0.12019230769230771 0.3161057692307693
5 0.234375 0.546875 0.08173076923076925 0.14663461538461542
5 0.31490384615384615 0.5384615384615383 0.10456730769230771 0.19951923076923073
5 0.3858173076923077 0.5108173076923077 0.07451923076923078 0.16826923076923084
5 0.438701923076923 0.49158653846153844 0.04807692307692307 0.1454326923076923
5 0.4795673076923077 0.4723557692307692 0.05048076923076922 0.13221153846153844
5 0.5252403846153846 0.4807692307692307 0.05649038461538458 0.14663461538461536
5 0.5637019230769231 0.43629807692307687 0.03725961538461542 0.11298076923076922
5 0.5973557692307692 0.4230769230769231 0.038461538461538436 0.10096153846153844
5 0.640625 0.4254807692307692 0.05649038461538458 0.08653846153846156
5 0.8112980769230769 0.37259615384615385 0.08413461538461542 0.1610576923076923
7 0.13100961538461542 0.26322115384615385 0.09855769230769232 0.0949519230769231
7 0.38341346153846156 0.37379807692307687 0.06129807692307693 0.06850961538461536
7 0.47836538461538464 0.36538461538461536 0.038461538461538436 0.05769230769230771
7 0.5264423076923077 0.3641826923076923 0.043269230769230727 0.05649038461538464
7 0.5685096153846154 0.35096153846153844 0.03605769230769229 0.04326923076923078
6 0.3004807692307693 0.4026442307692307 0.05649038461538464 0.04807692307692307
6 0.4375 0.36538461538461536 0.04326923076923078 0.05769230769230771
6 0.5973557692307692 0.3425480769230769 0.027644230769230727 0.046875
6 0.6478365384615384 0.35817307692307687 0.03245192307692313 0.03485576923076922
3 0.14543269230769232 0.5913461538461539 0.13701923076923078 0.7548076923076923
3 0.2439903846153846 0.5456730769230769 0.11538461538461536 0.3701923076923077
3 0.3341346153846154 0.6021634615384616 0.16105769230769235 0.48317307692307687
3 0.3966346153846154 0.5564903846153846 0.11899038461538464 0.4314903846153846
3 0.45552884615384615 0.5168269230769231 0.09495192307692313 0.38701923076923084
3 0.4939903846153846 0.5108173076923077 0.08413461538461536 0.35576923076923084
3 0.5360576923076923 0.4795673076923077 0.07211538461538458 0.296875
3 0.5805288461538461 0.4735576923076923 0.07331730769230771 0.29326923076923084
3 0.6057692307692307 0.46153846153846156 0.0625 0.2920673076923077
3 0.6526442307692306 0.46153846153846156 0.06971153846153844 0.2451923076923077
3 0.8112980769230769 0.44350961538461536 0.10456730769230771 0.4471153846153847
