7 0.6009615384615384 0.3269230769230769 0.06850961538461539 0.12139423076923077
5 0.6057692307692307 0.3737980769230769 0.1346153846153846 0.22355769230769232
3 0.5985576923076923 0.3894230769230769 0.16826923076923078 0.2548076923076923
6 0.7223557692307693 0.4098557692307692 0.06850961538461539 0.1141826923076923
5 0.7223557692307693 0.42908653846153844 0.12620192307692307 0.21394230769230768
3 0.7175480769230769 0.4519230769230769 0.1310096153846154 0.2692307692307692
6 0.5480769230769231 0.5240384615384616 0.078125 0.09375
6 0.7776442307692307 0.546875 0.0829326923076923 0.09975961538461539
5 0.5024038461538461 0.5853365384615384 0.1045673076923077 0.2548076923076923
3 0.7644230769230769 0.6418269230769231 0.1346153846153846 0.2956730769230769
3 0.5072115384615384 0.6454326923076923 0.13942307692307693 0.38100961538461536
7 0.6213942307692307 0.6658653846153846 0.07211538461538461 0.10336538461538461
3 0.6117788461538461 0.7728365384615384 0.17307692307692307 0.3269230769230769
5 0.6081730769230769 0.8052884615384616 0.1346153846153846 0.21875