2 0.34375 0.4891826923076923 0.040865384615384616 0.0625
2 0.6286057692307693 0.5060096153846154 0.027644230769230768 0.056490384615384616
2 0.5480769230769231 0.5096153846153846 0.030048076923076924 0.055288461538461536
2 0.6862980769230769 0.515625 0.04567307692307692 0.07451923076923077
2 0.75 0.5252403846153846 0.03125 0.052884615384615384
2 0.5204326923076923 0.5276442307692307 0.03125 0.05889423076923077
2 0.7247596153846154 0.5276442307692307 0.025240384615384616 0.05889423076923077
2 0.8076923076923077 0.5528846153846154 0.046875 0.0829326923076923
3 0.6262019230769231 0.6526442307692307 0.07932692307692307 0.35336538461538464
3 0.3245192307692308 0.671875 0.10096153846153846 0.44350961538461536
3 0.7512019230769231 0.6778846153846154 0.056490384615384616 0.3641826923076923
3 0.5120192307692307 0.6923076923076923 0.10817307692307693 0.4098557692307692
3 0.6814903846153846 0.6971153846153846 0.09495192307692307 0.42788461538461536
3 0.8137019230769231 0.7487980769230769 0.09254807692307693 0.46875