3 0.5793269230769231 0.18389423076923078 0.09855769230769229 0.19471153846153844
3 0.6490384615384616 0.18870192307692307 0.0625 0.10336538461538461
3 0.37379807692307687 0.20432692307692307 0.20673076923076922 0.3966346153846153
5 0.389423076923077 0.234375 0.18149038461538464 0.2223557692307692
5 0.8064903846153846 0.27403846153846156 0.14903846153846156 0.30889423076923084
7 0.46634615384615385 0.4314903846153846 0.09855769230769229 0.14423076923076916
3 0.8245192307692308 0.44591346153846156 0.22235576923076927 0.8822115384615385
5 0.3449519230769231 0.5348557692307693 0.19110576923076925 0.19711538461538458
3 0.36658653846153844 0.5673076923076923 0.2860576923076923 0.40625
7 0.39903846153846156 0.06370192307692307 0.09495192307692307 0.12019230769230771
1 0.7632211538461539 0.10576923076923077 0.02644230769230771 0.024038461538461536
7 0.5733173076923077 0.12139423076923077 0.046875 0.043269230769230754
1 0.40504807692307687 0.125 0.05048076923076922 0.025240384615384623
