7 0.47836538461538464 0.36778846153846156 0.040865384615384616 0.052884615384615384
7 0.5504807692307693 0.4050480769230769 0.03485576923076923 0.06971153846153846
7 0.5997596153846154 0.41586538461538464 0.03245192307692308 0.052884615384615384
7 0.6658653846153846 0.3641826923076923 0.026442307692307692 0.052884615384615384
6 0.3641826923076923 0.3894230769230769 0.03485576923076923 0.06129807692307692
6 0.8425480769230769 0.3473557692307692 0.040865384615384616 0.06129807692307692
0 0.4170673076923077 0.37259615384615385 0.03485576923076923 0.042067307692307696
0 0.7163461538461539 0.3293269230769231 0.051682692307692304 0.06610576923076923
5 0.36538461538461536 0.5420673076923077 0.055288461538461536 0.19951923076923078
5 0.4170673076923077 0.5024038461538461 0.0625 0.16706730769230768
5 0.4807692307692308 0.5108173076923077 0.057692307692307696 0.19951923076923078
5 0.5456730769230769 0.5504807692307693 0.057692307692307696 0.22956730769230768
5 0.6069711538461539 0.5528846153846154 0.055288461538461536 0.203125
5 0.6694711538461539 0.5120192307692307 0.051682692307692304 0.18389423076923078
5 0.7259615384615384 0.5432692307692307 0.09254807692307693 0.2860576923076923
5 0.8521634615384616 0.5120192307692307 0.07932692307692307 0.2283653846153846
3 0.37259615384615385 0.5901442307692307 0.08653846153846154 0.4699519230769231
3 0.4182692307692308 0.5637019230769231 0.06610576923076923 0.41586538461538464
3 0.4855769230769231 0.5276442307692307 0.06850961538461539 0.3870192307692308
3 0.5480769230769231 0.5997596153846154 0.06370192307692307 0.4495192307692308
3 0.6057692307692307 0.6033653846153846 0.056490384615384616 0.41346153846153844
3 0.671875 0.5793269230769231 0.052884615384615384 0.4699519230769231
3 0.7175480769230769 0.6514423076923077 0.0985576923076923 0.6935096153846154
3 0.8497596153846154 0.6177884615384616 0.0889423076923077 0.609375