5 0.39783653846153844 0.3689903846153846 0.06971153846153849 0.12379807692307693
5 0.27163461538461536 0.389423076923077 0.05288461538461539 0.09014423076923078
5 0.20552884615384615 0.4074519230769231 0.04807692307692307 0.06730769230769229
5 0.8774038461538461 0.3713942307692307 0.08293269230769229 0.16706730769230765
7 0.4158653846153846 0.2848557692307693 0.03485576923076922 0.04567307692307693
7 0.27283653846153844 0.31971153846153844 0.030048076923076927 0.03245192307692307
7 0.21634615384615385 0.3545673076923077 0.030048076923076927 0.03125
7 0.18870192307692307 0.23317307692307693 0.019230769230769246 0.019230769230769246
5 0.19110576923076922 0.26802884615384615 0.027644230769230754 0.05168269230769229
3 0.19110576923076922 0.2668269230769231 0.034855769230769246 0.09855769230769229
3 0.21514423076923078 0.41466346153846156 0.06129807692307693 0.17067307692307687
3 0.27884615384615385 0.4074519230769231 0.08653846153846151 0.22235576923076927
3 0.41947115384615385 0.4050480769230769 0.10817307692307693 0.28846153846153844
3 0.8677884615384616 0.4266826923076923 0.1514423076923077 0.39423076923076916
