3 0.3557692307692308 0.5865384615384616 0.2860576923076923 0.7091346153846154
3 0.5901442307692306 0.6201923076923077 0.19951923076923073 0.6153846153846154
3 0.7800480769230769 0.6141826923076923 0.234375 0.7247596153846154
5 0.35817307692307687 0.5985576923076923 0.18629807692307693 0.4158653846153846
5 0.5985576923076923 0.6670673076923077 0.20673076923076916 0.4158653846153846
5 0.78125 0.6754807692307692 0.20913461538461542 0.4495192307692307
6 0.3966346153846153 0.30288461538461536 0.09975961538461536 0.10456730769230771
6 0.6454326923076923 0.36778846153846156 0.09014423076923073 0.12139423076923078
6 0.7283653846153846 0.31129807692307687 0.14182692307692302 0.11298076923076922
1 0.375 0.34254807692307687 0.05288461538461536 0.05048076923076922
1 0.6370192307692307 0.4074519230769231 0.06370192307692313 0.055288461538461564
1 0.7079326923076923 0.36778846153846156 0.06610576923076927 0.03725961538461536
