3 0.8473557692307693 0.4963942307692307 0.25120192307692313 0.9543269230769231
3 0.21754807692307693 0.5 0.3629807692307693 0.9627403846153846
3 0.4831730769230769 0.5408653846153846 0.326923076923077 0.9122596153846154
3 0.6971153846153846 0.5528846153846154 0.2596153846153846 0.8377403846153846
5 0.8581730769230769 0.6033653846153846 0.2548076923076923 0.6298076923076923
5 0.23798076923076922 0.6153846153846154 0.3173076923076923 0.625
5 0.7211538461538461 0.7127403846153846 0.1923076923076923 0.5528846153846154
5 0.49879807692307687 0.7247596153846154 0.37499999999999994 0.5480769230769231
6 0.2692307692307692 0.09495192307692307 0.17067307692307696 0.14903846153846156
6 0.8197115384615383 0.10336538461538461 0.16346153846153844 0.14663461538461536
0 0.4783653846153846 0.20072115384615385 0.18269230769230765 0.1887019230769231
6 0.6730769230769231 0.2403846153846154 0.15504807692307698 0.16826923076923078
