0 0.4879807692307692 0.7283653846153846 0.04567307692307692 0.07932692307692307
0 0.8149038461538461 0.6658653846153846 0.042067307692307696 0.08413461538461539
0 0.7644230769230769 0.6442307692307693 0.04326923076923077 0.057692307692307696
6 0.5925480769230769 0.4026442307692308 0.04567307692307692 0.06610576923076923
7 0.5973557692307693 0.3605769230769231 0.038461538461538464 0.06129807692307692
7 0.6778846153846154 0.36778846153846156 0.046875 0.06971153846153846
7 0.33774038461538464 0.38221153846153844 0.037259615384615384 0.046875
7 0.36778846153846156 0.2512019230769231 0.037259615384615384 0.042067307692307696
7 0.4050480769230769 0.2091346153846154 0.027644230769230768 0.040865384615384616
3 0.21875 0.6141826923076923 0.09975961538461539 0.359375
3 0.45913461538461536 0.7872596153846154 0.1346153846153846 0.18629807692307693
3 0.11538461538461539 0.6923076923076923 0.09735576923076923 0.2247596153846154
3 0.06129807692307692 0.6129807692307693 0.08653846153846154 0.2439903846153846
3 0.3269230769230769 0.5480769230769231 0.0733173076923077 0.3798076923076923
3 0.5913461538461539 0.5877403846153846 0.0889423076923077 0.4338942307692308
3 0.7548076923076923 0.7247596153846154 0.09014423076923077 0.23798076923076922
3 0.8689903846153846 0.7271634615384616 0.14543269230769232 0.22596153846153846
3 0.6754807692307693 0.5072115384615384 0.08173076923076923 0.3473557692307692
3 0.5901442307692307 0.4098557692307692 0.07692307692307693 0.15504807692307693
3 0.6237980769230769 0.45552884615384615 0.06971153846153846 0.4074519230769231
3 0.41586538461538464 0.3762019230769231 0.06610576923076923 0.38461538461538464
3 0.3629807692307692 0.33052884615384615 0.04326923076923077 0.20793269230769232
3 0.4963942307692308 0.3786057692307692 0.06971153846153846 0.2091346153846154
2 0.09975961538461539 0.59375 0.027644230769230768 0.040865384615384616