2 0.8557692307692307 0.21153846153846154 0.140625 0.22836538461538464
2 0.4387019230769231 0.21875 0.038461538461538436 0.06850961538461542
2 0.7151442307692307 0.22716346153846154 0.07211538461538458 0.11778846153846151
2 0.5564903846153846 0.24759615384615385 0.08774038461538458 0.1826923076923077
2 0.3293269230769231 0.2608173076923077 0.09855769230769229 0.16225961538461542
2 0.7932692307692306 0.2764423076923077 0.058894230769230727 0.16225961538461542
2 0.9495192307692307 0.27884615384615385 0.05649038461538458 0.1105769230769231
3 0.6947115384615384 0.5036057692307693 0.12379807692307687 0.6778846153846154
3 0.9519230769230769 0.515625 0.09254807692307698 0.6129807692307692
3 0.8473557692307693 0.5396634615384616 0.20913461538461542 0.8858173076923077
3 0.5432692307692307 0.5709134615384616 0.21754807692307687 0.8329326923076923
3 0.3004807692307692 0.5745192307692307 0.251201923076923 0.8004807692307694
