5 0.13341346153846154 0.45192307692307687 0.1634615384615385 0.2908653846153846
5 0.2824519230769231 0.43629807692307687 0.16826923076923075 0.32812499999999994
5 0.45192307692307687 0.7007211538461539 0.17187499999999994 0.2295673076923077
5 0.7355769230769231 0.3954326923076923 0.12139423076923073 0.32451923076923084
5 0.8485576923076923 0.38341346153846156 0.11899038461538458 0.31129807692307687
5 0.7536057692307693 0.6862980769230769 0.15625 0.18870192307692302
7 0.14903846153846156 0.24038461538461542 0.09855769230769232 0.08293269230769232
7 0.2692307692307693 0.18509615384615385 0.08774038461538464 0.08653846153846154
7 0.5685096153846154 0.6418269230769231 0.07451923076923073 0.15024038461538458
7 0.6430288461538461 0.6622596153846154 0.07331730769230771 0.14663461538461542
6 0.7403846153846154 0.16466346153846154 0.07932692307692302 0.07932692307692307
6 0.8088942307692307 0.16947115384615385 0.09375 0.11418269230769229
3 0.12620192307692307 0.5552884615384616 0.17548076923076922 0.7247596153846154
3 0.28365384615384615 0.5625 0.2175480769230769 0.8629807692307692
3 0.4795673076923077 0.7524038461538461 0.2596153846153846 0.37620192307692313
3 0.7247596153846154 0.7620192307692308 0.23557692307692302 0.36778846153846156
3 0.7463942307692307 0.37860576923076916 0.1358173076923077 0.5408653846153846
3 0.8413461538461539 0.5408653846153846 0.1670673076923077 0.8858173076923077
