6 0.2283653846153846 0.2956730769230769 0.10336538461538461 0.13581730769230768
6 0.35096153846153844 0.21514423076923078 0.08413461538461539 0.11057692307692307
6 0.41586538461538464 0.25600961538461536 0.06370192307692307 0.08413461538461539
6 0.5132211538461539 0.3173076923076923 0.09495192307692307 0.08413461538461539
6 0.6274038461538461 0.19591346153846154 0.0829326923076923 0.09495192307692307
6 0.7283653846153846 0.21394230769230768 0.11538461538461539 0.12139423076923077
5 0.19471153846153846 0.5661057692307693 0.15745192307692307 0.3786057692307692
5 0.31490384615384615 0.43149038461538464 0.13581730769230768 0.32211538461538464
5 0.4230769230769231 0.4723557692307692 0.12139423076923077 0.28725961538461536
5 0.5264423076923077 0.546875 0.15985576923076922 0.3088942307692308
5 0.6346153846153846 0.4338942307692308 0.16105769230769232 0.30649038461538464
5 0.765625 0.4807692307692308 0.171875 0.3449519230769231
3 0.1875 0.6069711538461539 0.1814903846153846 0.7668269230769231
3 0.3317307692307692 0.5721153846153846 0.14903846153846154 0.828125
3 0.4362980769230769 0.5925480769230769 0.14423076923076922 0.7668269230769231
3 0.5276442307692307 0.6298076923076923 0.19471153846153846 0.7091346153846154
3 0.6346153846153846 0.5600961538461539 0.17668269230769232 0.8197115384615384
3 0.7572115384615384 0.5685096153846154 0.19230769230769232 0.8245192307692307