1 0.2668269230769231 0.28365384615384615 0.08774038461538461 0.09254807692307693
1 0.7259615384615384 0.29086538461538464 0.13942307692307693 0.11538461538461539
6 0.5588942307692307 0.37259615384615385 0.17067307692307693 0.17307692307692307
6 0.33413461538461536 0.421875 0.1346153846153846 0.16826923076923078
1 0.5673076923076923 0.44591346153846156 0.10576923076923077 0.0889423076923077
1 0.34975961538461536 0.4855769230769231 0.11899038461538461 0.07932692307692307
3 0.23076923076923078 0.5108173076923077 0.3425480769230769 0.9338942307692307
3 0.8293269230769231 0.5432692307692307 0.3389423076923077 0.8894230769230769
3 0.5685096153846154 0.6201923076923077 0.2644230769230769 0.7067307692307693
6 0.20192307692307693 0.1971153846153846 0.296875 0.2848557692307692
6 0.7848557692307693 0.23076923076923078 0.24519230769230768 0.23317307692307693