7 0.38221153846153844 0.5168269230769231 0.05048076923076923 0.0673076923076923
7 0.5769230769230769 0.44591346153846156 0.06370192307692307 0.0733173076923077
7 0.5300480769230769 0.5408653846153846 0.026442307692307692 0.021634615384615384
6 0.6286057692307693 0.4338942307692308 0.057692307692307696 0.037259615384615384
5 0.38341346153846156 0.5805288461538461 0.08653846153846154 0.0985576923076923
5 0.5997596153846154 0.5649038461538461 0.09254807692307693 0.17307692307692307
5 0.6538461538461539 0.5372596153846154 0.0829326923076923 0.14182692307692307
5 0.5432692307692307 0.5841346153846154 0.042067307692307696 0.06850961538461539
5 0.5252403846153846 0.5973557692307693 0.027644230769230768 0.046875
5 0.4987980769230769 0.6394230769230769 0.02403846153846154 0.026442307692307692
3 0.39783653846153844 0.6574519230769231 0.13221153846153846 0.4182692307692308
3 0.5997596153846154 0.6622596153846154 0.11899038461538461 0.5252403846153846
3 0.6622596153846154 0.6286057692307693 0.12860576923076922 0.4567307692307692
3 0.5492788461538461 0.6189903846153846 0.057692307692307696 0.18269230769230768
3 0.5180288461538461 0.6274038461538461 0.04567307692307692 0.14903846153846154
3 0.4987980769230769 0.6346153846153846 0.026442307692307692 0.052884615384615384