2 0.8569711538461539 0.4170673076923077 0.038461538461538464 0.06610576923076923
2 0.6502403846153846 0.4362980769230769 0.046875 0.08413461538461539
2 0.4951923076923077 0.4639423076923077 0.052884615384615384 0.09975961538461539
2 0.34615384615384615 0.46875 0.03245192307692308 0.05889423076923077
2 0.3870192307692308 0.47475961538461536 0.036057692307692304 0.055288461538461536
2 0.3004807692307692 0.4831730769230769 0.040865384615384616 0.08173076923076923
2 0.44711538461538464 0.484375 0.036057692307692304 0.07211538461538461
2 0.328125 0.49038461538461536 0.025240384615384616 0.055288461538461536
2 0.03245192307692308 0.5168269230769231 0.03485576923076923 0.0673076923076923
2 0.1502403846153846 0.5204326923076923 0.042067307692307696 0.08413461538461539
2 0.19230769230769232 0.5288461538461539 0.015625 0.042067307692307696
2 0.11177884615384616 0.5348557692307693 0.02403846153846154 0.042067307692307696
3 0.39663461538461536 0.5793269230769231 0.06370192307692307 0.25600961538461536
3 0.8473557692307693 0.5829326923076923 0.1141826923076923 0.39663461538461536
3 0.6346153846153846 0.6177884615384616 0.11899038461538461 0.4543269230769231
3 0.05048076923076923 0.6670673076923077 0.09014423076923077 0.34975961538461536
3 0.5012019230769231 0.6742788461538461 0.14543269230769232 0.4951923076923077
3 0.15384615384615385 0.6754807692307693 0.11778846153846154 0.4170673076923077
3 0.2956730769230769 0.6838942307692307 0.12980769230769232 0.4735576923076923