6 0.06850961538461539 0.5324519230769231 0.056490384615384616 0.05889423076923077
6 0.18028846153846154 0.5552884615384616 0.06850961538461539 0.04326923076923077
6 0.32211538461538464 0.5841346153846154 0.055288461538461536 0.07211538461538461
6 0.36177884615384615 0.5300480769230769 0.055288461538461536 0.06971153846153846
5 0.06850961538461539 0.6682692307692307 0.12379807692307693 0.18269230769230768
5 0.2091346153846154 0.6706730769230769 0.18028846153846154 0.1935096153846154
5 0.39302884615384615 0.7007211538461539 0.12980769230769232 0.21995192307692307
5 0.4230769230769231 0.6394230769230769 0.11057692307692307 0.23798076923076922
3 0.0673076923076923 0.6382211538461539 0.125 0.2608173076923077
3 0.20432692307692307 0.6502403846153846 0.16105769230769232 0.23918269230769232
3 0.38341346153846156 0.7620192307692307 0.20432692307692307 0.4423076923076923
3 0.4230769230769231 0.7235576923076923 0.19471153846153846 0.47475961538461536
3 0.8341346153846154 0.3088942307692308 0.12980769230769232 0.30528846153846156
5 0.8365384615384616 0.27524038461538464 0.1201923076923077 0.10817307692307693