5 0.5324519230769231 0.6778846153846154 0.3858173076923077 0.640625
5 0.18028846153846154 0.42788461538461536 0.1201923076923077 0.20793269230769232
3 0.5456730769230769 0.5276442307692307 0.47596153846153844 0.9423076923076923
3 0.17548076923076922 0.5168269230769231 0.1622596153846154 0.6033653846153846
3 0.3473557692307692 0.4375 0.1346153846153846 0.4338942307692308
3 0.6742788461538461 0.3449519230769231 0.13581730769230768 0.24519230769230768
3 0.8533653846153846 0.5228365384615384 0.14903846153846154 0.6081730769230769
2 0.4987980769230769 0.17548076923076922 0.1778846153846154 0.21995192307692307
2 0.3605769230769231 0.25600961538461536 0.0625 0.0625
2 0.6658653846153846 0.265625 0.09254807692307693 0.07451923076923077
2 0.8401442307692307 0.25961538461538464 0.07211538461538461 0.07211538461538461