7 0.2247596153846154 0.20432692307692307 0.046875 0.06370192307692307
7 0.36538461538461536 0.25 0.03605769230769229 0.07211538461538458
7 0.296875 0.21394230769230768 0.04086538461538464 0.0625
7 0.49639423076923084 0.21153846153846154 0.046875000000000056 0.046875
5 0.36778846153846156 0.3557692307692307 0.06610576923076922 0.13581730769230765
5 0.5096153846153846 0.34615384615384615 0.06610576923076922 0.15504807692307693
5 0.20673076923076922 0.3064903846153846 0.06129807692307693 0.14663461538461536
3 0.2127403846153846 0.36778846153846156 0.09014423076923078 0.39423076923076916
3 0.2860576923076923 0.38221153846153844 0.09375 0.3858173076923077
3 0.373798076923077 0.38822115384615385 0.13461538461538464 0.3641826923076923
3 0.5072115384615384 0.3786057692307693 0.08894230769230771 0.38581730769230776
