3 0.06490384615384616 0.6502403846153846 0.06971153846153846 0.21875
3 0.28846153846153844 0.5925480769230769 0.09855769230769229 0.4134615384615384
3 0.484375 0.6298076923076923 0.11538461538461542 0.44110576923076916
3 0.6826923076923077 0.59375 0.10336538461538458 0.43389423076923084
3 0.7872596153846154 0.5661057692307693 0.09735576923076927 0.3990384615384615
4 0.06610576923076923 0.5649038461538461 0.03725961538461539 0.06730769230769229
4 0.7091346153846154 0.4254807692307692 0.050480769230769273 0.08653846153846156
0 0.4627403846153846 0.4567307692307693 0.05048076923076922 0.10336538461538464
0 0.2800480769230769 0.4362980769230769 0.05769230769230771 0.09375
0 0.8137019230769231 0.41586538461538464 0.030048076923076872 0.07331730769230771
