7 0.4230769230769231 0.49158653846153844 0.0733173076923077 0.04567307692307692
7 0.19110576923076922 0.4987980769230769 0.06971153846153846 0.06129807692307692
7 0.78125 0.5901442307692307 0.06610576923076923 0.05048076923076923
5 0.28966346153846156 0.5925480769230769 0.12379807692307693 0.17067307692307693
5 0.13822115384615385 0.6057692307692307 0.15144230769230768 0.15745192307692307
5 0.43990384615384615 0.6081730769230769 0.1045673076923077 0.1346153846153846
3 0.29086538461538464 0.6514423076923077 0.15985576923076922 0.42788461538461536
3 0.43990384615384615 0.6706730769230769 0.15504807692307693 0.41225961538461536
3 0.14903846153846154 0.6790865384615384 0.16706730769230768 0.4266826923076923
5 0.75 0.6959134615384616 0.15264423076923078 0.12620192307692307
3 0.7295673076923077 0.7283653846153846 0.2439903846153846 0.3605769230769231