5 0.8713942307692307 0.3737980769230769 0.10817307692307693 0.32211538461538464
5 0.9423076923076923 0.44471153846153844 0.052884615384615384 0.21754807692307693
5 0.7836538461538461 0.46634615384615385 0.09495192307692307 0.3425480769230769
5 0.6165865384615384 0.49399038461538464 0.14182692307692307 0.43149038461538464
3 0.47716346153846156 0.4963942307692308 0.23918269230769232 0.9855769230769231
3 0.8713942307692307 0.5036057692307693 0.11778846153846154 0.9387019230769231
3 0.27524038461538464 0.5048076923076923 0.2860576923076923 0.9723557692307693
5 0.6959134615384616 0.5168269230769231 0.11778846153846154 0.3918269230769231
5 0.47596153846153844 0.53125 0.21153846153846154 0.5
3 0.609375 0.5348557692307693 0.11899038461538461 0.9278846153846154
3 0.7884615384615384 0.5456730769230769 0.09495192307692307 0.8557692307692307
3 0.7019230769230769 0.5540865384615384 0.10576923076923077 0.8737980769230769
5 0.055288461538461536 0.6081730769230769 0.09254807692307693 0.3894230769230769
5 0.2620192307692308 0.6514423076923077 0.20432692307692307 0.5997596153846154
7 0.5060096153846154 0.09735576923076923 0.16346153846153846 0.15625
6 0.8858173076923077 0.1045673076923077 0.10576923076923077 0.09735576923076923
7 0.3161057692307692 0.11778846153846154 0.20793269230769232 0.18028846153846154
7 0.13221153846153846 0.1346153846153846 0.12860576923076922 0.13701923076923078
7 0.6213942307692307 0.14182692307692307 0.11538461538461539 0.13701923076923078
6 0.7872596153846154 0.18028846153846154 0.09014423076923077 0.13221153846153846
4 0.7151442307692307 0.20072115384615385 0.10096153846153846 0.14182692307692307