6 0.31971153846153844 0.44951923076923084 0.10817307692307693 0.11418269230769235
6 0.41346153846153844 0.45192307692307687 0.09014423076923078 0.10456730769230765
6 0.5144230769230769 0.454326923076923 0.10336538461538458 0.10456730769230765
5 0.2920673076923077 0.7091346153846154 0.1598557692307692 0.329326923076923
5 0.40865384615384615 0.6911057692307693 0.1514423076923077 0.29807692307692313
5 0.5360576923076923 0.6706730769230769 0.15625 0.27764423076923084
3 0.296875 0.6971153846153846 0.1754807692307692 0.6033653846153846
3 0.420673076923077 0.6995192307692307 0.13461538461538464 0.5973557692307694
3 0.5504807692307693 0.7007211538461539 0.18149038461538458 0.5949519230769231
1 0.4182692307692308 0.4891826923076923 0.06730769230769229 0.03125
