7 0.24879807692307693 0.49879807692307687 0.043269230769230754 0.042067307692307654
3 0.25 0.5853365384615384 0.09014423076923075 0.2451923076923077
3 0.9314903846153846 0.7572115384615384 0.13100961538461542 0.25
3 0.359375 0.7860576923076923 0.09375 0.21274038461538458
7 0.11057692307692306 0.7872596153846154 0.058894230769230754 0.050480769230769273
7 0.8557692307692308 0.8341346153846154 0.050480769230769273 0.05649038461538458
3 0.125 0.8581730769230769 0.15985576923076922 0.23557692307692302
3 0.8269230769230769 0.8954326923076923 0.15264423076923084 0.1875
3 0.32211538461538464 0.1502403846153846 0.06730769230769229 0.17548076923076922
3 0.5721153846153846 0.15865384615384615 0.05288461538461542 0.15745192307692307
