7 0.31490384615384615 0.29086538461538464 0.055288461538461536 0.06971153846153846
7 0.46634615384615385 0.30288461538461536 0.04567307692307692 0.05048076923076923
4 0.39903846153846156 0.2848557692307692 0.05048076923076923 0.05048076923076923
4 0.8341346153846154 0.24879807692307693 0.07451923076923077 0.09014423076923077
0 0.5372596153846154 0.31490384615384615 0.042067307692307696 0.04807692307692308
0 0.5877403846153846 0.33653846153846156 0.038461538461538464 0.04567307692307692
0 0.6514423076923077 0.35336538461538464 0.037259615384615384 0.04567307692307692
3 0.296875 0.4963942307692308 0.10336538461538461 0.4735576923076923
3 0.3894230769230769 0.49038461538461536 0.09254807692307693 0.46875
3 0.46153846153846156 0.4879807692307692 0.07211538461538461 0.4182692307692308
3 0.5264423076923077 0.4831730769230769 0.06610576923076923 0.3858173076923077
3 0.5817307692307693 0.4963942307692308 0.057692307692307696 0.3701923076923077
3 0.6418269230769231 0.49158653846153844 0.07451923076923077 0.33653846153846156
3 0.8185096153846154 0.5625 0.15264423076923078 0.734375