6 0.18028846153846154 0.4050480769230769 0.109375 0.10456730769230771
6 0.3125 0.5036057692307693 0.078125 0.07331730769230771
6 0.3701923076923077 0.5516826923076923 0.05288461538461536 0.0625
6 0.44471153846153844 0.5901442307692307 0.03485576923076922 0.03605769230769229
6 0.6610576923076923 0.5949519230769231 0.04086538461538458 0.050480769230769273
5 0.12620192307692307 0.6502403846153846 0.21754807692307693 0.3545673076923077
5 0.27884615384615385 0.7091346153846154 0.1298076923076923 0.2920673076923077
5 0.36298076923076916 0.6850961538461537 0.06610576923076922 0.19471153846153844
5 0.43028846153846156 0.6887019230769231 0.05889423076923078 0.12860576923076916
5 0.6610576923076923 0.6971153846153846 0.07451923076923073 0.13701923076923084
5 0.7043269230769231 0.6334134615384616 0.05649038461538458 0.10456730769230771
3 0.12139423076923077 0.6742788461538461 0.22355769230769232 0.6418269230769231
3 0.28125 0.7319711538461539 0.125 0.5324519230769231
3 0.36057692307692313 0.7560096153846154 0.07211538461538464 0.4795673076923077
3 0.4278846153846153 0.7584134615384616 0.09254807692307693 0.4014423076923077
3 0.6838942307692307 0.7716346153846154 0.11899038461538458 0.4170673076923077
3 0.7127403846153846 0.6959134615384616 0.109375 0.3545673076923077
