5 0.1502403846153846 0.3485576923076923 0.09495192307692307 0.16586538461538458
5 0.38822115384615385 0.2800480769230769 0.10096153846153849 0.15745192307692304
5 0.5865384615384616 0.44951923076923084 0.12620192307692313 0.22355769230769235
5 0.8245192307692308 0.4435096153846153 0.12860576923076927 0.22475961538461536
5 0.7307692307692308 0.40745192307692313 0.11778846153846156 0.19230769230769235
5 0.890625 0.40985576923076916 0.09375 0.20913461538461536
6 0.44350961538461536 0.1947115384615385 0.055288461538461564 0.06730769230769232
7 0.59375 0.27283653846153844 0.06610576923076927 0.0637019230769231
7 0.8028846153846154 0.28125 0.07451923076923073 0.06610576923076925
6 0.8557692307692307 0.25721153846153844 0.06129807692307687 0.0612980769230769
3 0.1346153846153846 0.44110576923076916 0.12980769230769235 0.42187499999999994
3 0.40384615384615385 0.37740384615384615 0.13942307692307693 0.43629807692307687
3 0.5829326923076923 0.5360576923076923 0.19350961538461542 0.5901442307692308
3 0.7223557692307693 0.5264423076923077 0.13942307692307687 0.5877403846153846
3 0.8221153846153846 0.5420673076923077 0.171875 0.5877403846153846
3 0.8774038461538461 0.4879807692307692 0.12019230769230771 0.5348557692307693
