7 0.6730769230769231 0.7608173076923077 0.03725961538461542 0.0625
7 0.8185096153846154 0.6899038461538461 0.038461538461538436 0.05168269230769229
7 0.7043269230769231 0.4326923076923077 0.04206730769230771 0.046875
3 0.5612980769230769 0.6009615384615384 0.09375 0.29807692307692313
3 0.16947115384615385 0.6009615384615384 0.13942307692307693 0.16225961538461542
3 0.7379807692307693 0.5456730769230769 0.10456730769230771 0.2764423076923077
3 0.8497596153846154 0.5480769230769231 0.07692307692307698 0.23076923076923084
3 0.9314903846153846 0.6033653846153846 0.11057692307692302 0.19110576923076916
3 0.6742788461538461 0.8425480769230769 0.15504807692307687 0.25360576923076916
3 0.8064903846153846 0.8149038461538461 0.14182692307692302 0.29567307692307687
