6 0.03485576923076923 0.7644230769230769 0.025240384615384616 0.026442307692307692
6 0.3473557692307692 0.6334134615384616 0.010817307692307692 0.014423076923076924
6 0.4891826923076923 0.7355769230769231 0.015625 0.020432692307692308
6 0.43028846153846156 0.7668269230769231 0.01201923076923077 0.026442307692307692
6 0.5841346153846154 0.7067307692307693 0.015625 0.021634615384615384
5 0.037259615384615384 0.8149038461538461 0.030048076923076924 0.06370192307692307
5 0.3449519230769231 0.6574519230769231 0.014423076923076924 0.042067307692307696
5 0.4963942307692308 0.6742788461538461 0.016826923076923076 0.036057692307692304
5 0.5384615384615384 0.6778846153846154 0.019230769230769232 0.042067307692307696
5 0.7512019230769231 0.38221153846153844 0.016826923076923076 0.03125
5 0.7800480769230769 0.390625 0.016826923076923076 0.03125
6 0.47475961538461536 0.36538461538461536 0.01201923076923077 0.014423076923076924
6 0.7512019230769231 0.3581730769230769 0.006009615384615385 0.014423076923076924
6 0.7800480769230769 0.36658653846153844 0.010817307692307692 0.014423076923076924
3 0.038461538461538464 0.8473557692307693 0.05048076923076923 0.1875
3 0.28365384615384615 0.6838942307692307 0.030048076923076924 0.08413461538461539
3 0.4254807692307692 0.8112980769230769 0.040865384615384616 0.125
3 0.34975961538461536 0.6634615384615384 0.038461538461538464 0.10096153846153846
3 0.49038461538461536 0.7596153846153846 0.02403846153846154 0.08173076923076923
3 0.5877403846153846 0.7463942307692307 0.040865384615384616 0.1045673076923077
3 0.4987980769230769 0.6887019230769231 0.016826923076923076 0.08173076923076923
3 0.5324519230769231 0.6959134615384616 0.027644230769230768 0.10096153846153846
3 0.5805288461538461 0.6466346153846154 0.02403846153846154 0.09014423076923077
3 0.6274038461538461 0.6322115384615384 0.026442307692307692 0.06370192307692307
3 0.9435096153846154 0.7391826923076923 0.03125 0.11538461538461539
3 0.7512019230769231 0.3954326923076923 0.025240384615384616 0.09735576923076923
3 0.7824519230769231 0.39663461538461536 0.03125 0.07692307692307693
3 0.4723557692307692 0.40024038461538464 0.025240384615384616 0.1201923076923077
3 0.4987980769230769 0.39663461538461536 0.027644230769230768 0.06610576923076923