2 0.22235576923076922 0.22115384615384615 0.11538461538461539 0.23557692307692307
2 0.6322115384615384 0.25841346153846156 0.1045673076923077 0.19471153846153846
2 0.5396634615384616 0.2848557692307692 0.0889423076923077 0.16105769230769232
2 0.9411057692307693 0.296875 0.10336538461538461 0.1814903846153846
2 0.796875 0.3004807692307692 0.10336538461538461 0.1875
2 0.39663461538461536 0.328125 0.109375 0.21514423076923078
3 0.19471153846153846 0.47836538461538464 0.28725961538461536 0.7608173076923077
3 0.6658653846153846 0.4987980769230769 0.24278846153846154 0.6947115384615384
3 0.4362980769230769 0.5348557692307693 0.2620192307692308 0.6237980769230769
3 0.8257211538461539 0.5360576923076923 0.18870192307692307 0.6466346153846154
3 0.9362980769230769 0.5432692307692307 0.125 0.6706730769230769