7 0.14783653846153846 0.14543269230769232 0.11057692307692307 0.109375
7 0.4987980769230769 0.12860576923076922 0.10817307692307693 0.15144230769230768
7 0.7512019230769231 0.171875 0.11899038461538461 0.15985576923076922
7 0.7608173076923077 0.06129807692307692 0.11899038461538461 0.09495192307692307
5 0.140625 0.39663461538461536 0.1658653846153846 0.3269230769230769
5 0.4579326923076923 0.36658653846153844 0.19110576923076922 0.3389423076923077
5 0.8870192307692307 0.3425480769230769 0.21514423076923078 0.41586538461538464
5 0.7427884615384616 0.36658653846153844 0.14543269230769232 0.2704326923076923
3 0.18990384615384615 0.5168269230769231 0.2824519230769231 0.8509615384615384
3 0.4879807692307692 0.49399038461538464 0.27524038461538464 0.890625
3 0.8449519230769231 0.5324519230769231 0.30649038461538464 0.8846153846153846
3 0.7560096153846154 0.4963942307692308 0.15144230769230768 0.9735576923076923