4 0.7584134615384616 0.2091346153846154 0.06971153846153846 0.12139423076923077
4 0.33774038461538464 0.21995192307692307 0.11057692307692307 0.20432692307692307
6 0.8762019230769231 0.27524038461538464 0.04567307692307692 0.056490384615384616
5 0.12379807692307693 0.33653846153846156 0.19110576923076922 0.375
5 0.6971153846153846 0.36538461538461536 0.140625 0.296875
5 0.3629807692307692 0.3894230769230769 0.18269230769230768 0.27524038461538464
5 0.8641826923076923 0.4098557692307692 0.09014423076923077 0.19471153846153846
3 0.8557692307692307 0.4723557692307692 0.09735576923076923 0.4375
3 0.6983173076923077 0.4735576923076923 0.1935096153846154 0.65625
3 0.3629807692307692 0.5552884615384616 0.23317307692307693 0.8653846153846154
1 0.10576923076923077 0.14783653846153846 0.078125 0.036057692307692304