3 0.6526442307692307 0.7271634615384616 0.08894230769230771 0.48317307692307687
3 0.8545673076923077 0.6622596153846154 0.12139423076923073 0.6490384615384617
3 0.7403846153846154 0.41346153846153844 0.09254807692307698 0.41826923076923084
3 0.6213942307692308 0.46274038461538464 0.06610576923076927 0.4471153846153847
5 0.6418269230769231 0.6418269230769231 0.06610576923076927 0.18629807692307698
5 0.6201923076923077 0.389423076923077 0.058894230769230727 0.16826923076923078
5 0.7379807692307693 0.3629807692307693 0.0625 0.18389423076923078
5 0.8533653846153846 0.5745192307692308 0.09375 0.2848557692307693
7 0.7379807692307693 0.2403846153846154 0.04086538461538458 0.05889423076923078
7 0.6370192307692306 0.5096153846153846 0.038461538461538436 0.0625
