6 0.1622596153846154 0.21514423076923078 0.078125 0.07692307692307693
6 0.3016826923076923 0.6334134615384616 0.07211538461538461 0.0985576923076923
6 0.5396634615384616 0.17427884615384615 0.06971153846153846 0.0985576923076923
6 0.6911057692307693 0.39903846153846156 0.07451923076923077 0.07692307692307693
5 0.3088942307692308 0.7295673076923077 0.12139423076923077 0.109375
5 0.15384615384615385 0.30288461538461536 0.0889423076923077 0.1141826923076923
5 0.8004807692307693 0.43149038461538464 0.1310096153846154 0.16706730769230768
3 0.32211538461538464 0.7355769230769231 0.17668269230769232 0.3245192307692308
3 0.16947115384615385 0.3449519230769231 0.13221153846153846 0.35336538461538464
3 0.5721153846153846 0.25841346153846156 0.14903846153846154 0.31971153846153844
3 0.7524038461538461 0.49759615384615385 0.22355769230769232 0.3389423076923077