6 0.17548076923076922 0.46274038461538464 0.04807692307692308 0.036057692307692304
6 0.3112980769230769 0.43028846153846156 0.042067307692307696 0.040865384615384616
6 0.6694711538461539 0.41586538461538464 0.03245192307692308 0.042067307692307696
6 0.7439903846153846 0.4266826923076923 0.036057692307692304 0.05048076923076923
5 0.1778846153846154 0.5673076923076923 0.11057692307692307 0.1466346153846154
5 0.31490384615384615 0.546875 0.12620192307692307 0.17548076923076922
5 0.6706730769230769 0.5252403846153846 0.0985576923076923 0.18629807692307693
5 0.7487980769230769 0.5444711538461539 0.10096153846153846 0.18629807692307693
3 0.1778846153846154 0.6201923076923077 0.12139423076923077 0.3942307692307692
3 0.3112980769230769 0.5877403846153846 0.12379807692307693 0.3713942307692308
3 0.6682692307692307 0.5697115384615384 0.09014423076923077 0.3629807692307692
3 0.7439903846153846 0.5745192307692307 0.10817307692307693 0.3425480769230769