5 0.29567307692307687 0.47475961538461536 0.06850961538461536 0.10096153846153844
5 0.45673076923076916 0.4651442307692308 0.06610576923076922 0.11057692307692302
5 0.22596153846153846 0.4026442307692308 0.046875 0.046875
5 0.5348557692307692 0.438701923076923 0.038461538461538436 0.06610576923076922
5 0.5817307692307693 0.43028846153846156 0.03725961538461542 0.06129807692307693
5 0.7608173076923077 0.4591346153846153 0.046875 0.08173076923076922
3 0.23317307692307693 0.41346153846153844 0.0612980769230769 0.12860576923076922
3 0.2908653846153847 0.5192307692307692 0.10336538461538464 0.2560096153846153
3 0.44711538461538464 0.5168269230769231 0.08653846153846156 0.30048076923076916
3 0.53125 0.46514423076923084 0.050480769230769273 0.17668269230769235
3 0.5841346153846154 0.44951923076923084 0.05649038461538458 0.15024038461538464
3 0.7536057692307693 0.4963942307692308 0.0625 0.21995192307692302
6 0.2283653846153846 0.3629807692307692 0.030048076923076927 0.03125
6 0.2668269230769231 0.40745192307692313 0.03605769230769229 0.027644230769230782
6 0.45072115384615385 0.3786057692307693 0.030048076923076927 0.025240384615384637
6 0.43990384615384615 0.3870192307692308 0.02644230769230771 0.038461538461538436
6 0.5252403846153846 0.390625 0.024038461538461564 0.021634615384615363
6 0.5841346153846154 0.38701923076923084 0.02043269230769229 0.025240384615384637
6 0.752403846153846 0.39903846153846156 0.038461538461538436 0.03485576923076922
