3 0.16947115384615385 0.7355769230769231 0.04807692307692308 0.18629807692307693
3 0.12379807692307693 0.6754807692307693 0.055288461538461536 0.08653846153846154
3 0.4855769230769231 0.45913461538461536 0.06370192307692307 0.18629807692307693
3 0.6081730769230769 0.41466346153846156 0.046875 0.15144230769230768
3 0.9254807692307693 0.4831730769230769 0.056490384615384616 0.15264423076923078
3 0.9435096153846154 0.4338942307692308 0.03485576923076923 0.10096153846153846
5 0.47716346153846156 0.4362980769230769 0.038461538461538464 0.07692307692307693
5 0.6057692307692307 0.39783653846153844 0.036057692307692304 0.06971153846153846
4 0.12379807692307693 0.6550480769230769 0.025240384615384616 0.037259615384615384
7 0.1622596153846154 0.6610576923076923 0.027644230769230768 0.03125
7 0.4831730769230769 0.3894230769230769 0.02403846153846154 0.030048076923076924
7 0.6177884615384616 0.3557692307692308 0.02403846153846154 0.03485576923076923
7 0.9254807692307693 0.4230769230769231 0.019230769230769232 0.03485576923076923
7 0.9483173076923077 0.40024038461538464 0.019230769230769232 0.02403846153846154