4 0.2644230769230769 0.14302884615384615 0.15504807692307696 0.20192307692307693
4 0.3545673076923077 0.24879807692307693 0.09375 0.14903846153846156
0 0.42427884615384615 0.26322115384615385 0.06370192307692307 0.11418269230769229
0 0.5697115384615384 0.25360576923076916 0.10456730769230771 0.13100961538461536
0 0.7331730769230769 0.27884615384615385 0.14903846153846156 0.1826923076923077
3 0.1971153846153846 0.5012019230769231 0.2824519230769231 0.9723557692307692
3 0.33774038461538464 0.5829326923076923 0.140625 0.828125
3 0.42067307692307687 0.4483173076923077 0.12379807692307693 0.49639423076923084
3 0.5829326923076923 0.4326923076923077 0.21514423076923084 0.5192307692307692
3 0.8161057692307694 0.5769230769230769 0.3004807692307693 0.796875
