5 0.12740384615384615 0.6358173076923077 0.16706730769230768 0.33413461538461536
5 0.47475961538461536 0.5348557692307693 0.13942307692307693 0.25
5 0.5793269230769231 0.6045673076923077 0.14543269230769232 0.3161057692307692
5 0.6646634615384616 0.49399038461538464 0.09495192307692307 0.1814903846153846
5 0.7884615384615384 0.4795673076923077 0.08173076923076923 0.18389423076923078
5 0.8930288461538461 0.5552884615384616 0.18870192307692307 0.359375
5 0.13581730769230768 0.9326923076923077 0.2620192307692308 0.11538461538461539
3 0.14903846153846154 0.6730769230769231 0.24879807692307693 0.609375
3 0.4651442307692308 0.6298076923076923 0.12980769230769232 0.6153846153846154
3 0.5685096153846154 0.6574519230769231 0.12139423076923077 0.6598557692307693
3 0.5841346153846154 0.3954326923076923 0.078125 0.12860576923076922
3 0.6682692307692307 0.5697115384615384 0.109375 0.4723557692307692
3 0.7752403846153846 0.5733173076923077 0.11298076923076923 0.515625
3 0.875 0.6189903846153846 0.234375 0.7307692307692307
2 0.11057692307692307 0.41586538461538464 0.0829326923076923 0.08774038461538461
2 0.5769230769230769 0.40625 0.055288461538461536 0.06850961538461539