6 0.25721153846153844 0.32211538461538464 0.09375 0.11298076923076923
6 0.36538461538461536 0.9134615384615384 0.1502403846153846 0.171875
7 0.5120192307692307 0.32211538461538464 0.109375 0.15504807692307693
7 0.09254807692307693 0.6887019230769231 0.0985576923076923 0.11778846153846154
7 0.016826923076923076 0.4170673076923077 0.03245192307692308 0.056490384615384616
4 0.16466346153846154 0.7199519230769231 0.11057692307692307 0.12139423076923077
0 0.3798076923076923 0.3401442307692308 0.10576923076923077 0.10096153846153846
3 0.2439903846153846 0.5745192307692307 0.13701923076923078 0.6057692307692307
3 0.020432692307692308 0.6995192307692307 0.040865384615384616 0.5612980769230769
3 0.3605769230769231 0.5348557692307693 0.11899038461538461 0.4891826923076923
3 0.47475961538461536 0.5925480769230769 0.1935096153846154 0.6802884615384616
3 0.59375 0.4807692307692308 0.12860576923076922 0.36538461538461536
3 0.6766826923076923 0.49278846153846156 0.09375 0.421875
3 0.7824519230769231 0.5192307692307693 0.19831730769230768 0.5096153846153846
3 0.9302884615384616 0.671875 0.13942307692307693 0.4411057692307692
3 0.17307692307692307 0.8317307692307693 0.21754807692307693 0.33653846153846156
3 0.44591346153846156 0.35096153846153844 0.057692307692307696 0.14182692307692307
2 0.7379807692307693 0.3293269230769231 0.09735576923076923 0.12139423076923077
2 0.6766826923076923 0.34975961538461536 0.05048076923076923 0.12980769230769232
2 0.9459134615384616 0.5372596153846154 0.10817307692307693 0.1502403846153846