2 0.10216346153846154 0.32572115384615385 0.07932692307692307 0.1298076923076923
2 0.5793269230769231 0.3701923076923077 0.03605769230769229 0.08774038461538458
2 0.6947115384615384 0.3701923076923077 0.06850961538461542 0.13461538461538458
2 0.8641826923076923 0.3713942307692307 0.046875 0.08413461538461536
2 0.19230769230769232 0.376201923076923 0.0625 0.11298076923076922
2 0.2980769230769231 0.3762019230769231 0.05769230769230771 0.09375
2 0.5504807692307693 0.38221153846153844 0.02644230769230771 0.08293269230769229
2 0.38461538461538464 0.39302884615384615 0.046875 0.08653846153846151
2 0.2427884615384615 0.3966346153846153 0.04206730769230768 0.09975961538461536
2 0.8197115384615384 0.4122596153846153 0.0625 0.09735576923076922
2 0.9603365384615384 0.42788461538461536 0.05769230769230771 0.109375
2 0.9026442307692307 0.4338942307692307 0.05649038461538458 0.10817307692307693
3 0.6935096153846154 0.5757211538461539 0.11298076923076927 0.5552884615384615
3 0.3966346153846154 0.59375 0.14182692307692307 0.5096153846153846
3 0.5865384615384616 0.6105769230769231 0.13942307692307687 0.5588942307692308
3 0.8197115384615384 0.6117788461538461 0.11418269230769229 0.4951923076923077
3 0.9170673076923077 0.6117788461538461 0.11298076923076927 0.4759615384615385
3 0.09975961538461539 0.6177884615384616 0.13461538461538464 0.7355769230769231
3 0.2824519230769231 0.6237980769230769 0.09855769230769229 0.5889423076923077
3 0.20072115384615388 0.6370192307692307 0.1322115384615385 0.6610576923076923
