7 0.31971153846153844 0.5841346153846154 0.02403846153846154 0.037259615384615384
7 0.36177884615384615 0.5865384615384616 0.03245192307692308 0.036057692307692304
7 0.23076923076923078 0.5552884615384616 0.030048076923076924 0.03245192307692308
7 0.29447115384615385 0.4723557692307692 0.030048076923076924 0.03125
7 0.33413461538461536 0.43028846153846156 0.027644230769230768 0.026442307692307692
7 0.3557692307692308 0.39903846153846156 0.025240384615384616 0.025240384615384616
7 0.4338942307692308 0.24879807692307693 0.02403846153846154 0.025240384615384616
7 0.5612980769230769 0.23557692307692307 0.020432692307692308 0.026442307692307692
7 0.5036057692307693 0.4543269230769231 0.02403846153846154 0.03125
7 0.6286057692307693 0.5661057692307693 0.03125 0.046875
7 0.6550480769230769 0.4110576923076923 0.025240384615384616 0.03485576923076923
7 0.6754807692307693 0.4519230769230769 0.02403846153846154 0.03125
7 0.7127403846153846 0.40625 0.03125 0.037259615384615384
7 0.8137019230769231 0.4254807692307692 0.021634615384615384 0.03125
7 0.8894230769230769 0.47475961538461536 0.03125 0.037259615384615384
7 0.9591346153846154 0.40865384615384615 0.03245192307692308 0.036057692307692304
6 0.1346153846153846 0.4387019230769231 0.026442307692307692 0.03245192307692308
5 0.12980769230769232 0.5084134615384616 0.052884615384615384 0.10096153846153846
5 0.3137019230769231 0.6526442307692307 0.051682692307692304 0.11298076923076923
5 0.2824519230769231 0.5564903846153846 0.03245192307692308 0.0733173076923077
5 0.36778846153846156 0.6538461538461539 0.04807692307692308 0.09495192307692307
5 0.5288461538461539 0.5036057692307693 0.057692307692307696 0.07932692307692307
5 0.609375 0.4963942307692308 0.05048076923076923 0.0673076923076923
5 0.6862980769230769 0.5180288461538461 0.04326923076923077 0.09495192307692307
5 0.7043269230769231 0.4543269230769231 0.03245192307692308 0.06971153846153846
5 0.8942307692307693 0.5456730769230769 0.04326923076923077 0.09495192307692307
5 0.9519230769230769 0.47596153846153844 0.04326923076923077 0.0985576923076923
3 0.13341346153846154 0.5456730769230769 0.0733173076923077 0.2512019230769231
3 0.18870192307692307 0.5588942307692307 0.06850961538461539 0.2439903846153846
3 0.22596153846153846 0.6069711538461539 0.055288461538461536 0.13221153846153846
3 0.28846153846153844 0.5745192307692307 0.057692307692307696 0.234375
3 0.3137019230769231 0.6923076923076923 0.0625 0.27524038461538464
3 0.36778846153846156 0.7007211538461539 0.06971153846153846 0.2704326923076923
3 0.33413461538461536 0.4987980769230769 0.051682692307692304 0.18028846153846154
3 0.3641826923076923 0.4891826923076923 0.052884615384615384 0.2091346153846154
3 0.42427884615384615 0.33774038461538464 0.06971153846153846 0.203125
3 0.5745192307692307 0.3233173076923077 0.056490384615384616 0.2127403846153846
3 0.7776442307692307 0.2668269230769231 0.05889423076923077 0.1502403846153846
3 0.6213942307692307 0.6081730769230769 0.05889423076923077 0.1201923076923077
3 0.6875 0.5456730769230769 0.05889423076923077 0.21394230769230768
3 0.6598557692307693 0.44471153846153844 0.055288461538461536 0.09495192307692307
3 0.7091346153846154 0.4795673076923077 0.055288461538461536 0.1778846153846154
3 0.8112980769230769 0.5300480769230769 0.078125 0.2439903846153846
3 0.8894230769230769 0.578125 0.07211538461538461 0.24639423076923078
3 0.9519230769230769 0.5096153846153846 0.06129807692307692 0.24879807692307693