6 0.1971153846153846 0.4639423076923077 0.042067307692307696 0.05889423076923077
6 0.3605769230769231 0.49399038461538464 0.042067307692307696 0.06610576923076923
6 0.4362980769230769 0.4639423076923077 0.03485576923076923 0.05889423076923077
6 0.5697115384615384 0.46274038461538464 0.03245192307692308 0.06129807692307692
6 0.8004807692307693 0.33653846153846156 0.0733173076923077 0.06129807692307692
5 0.23798076923076922 0.4987980769230769 0.08653846153846154 0.1201923076923077
5 0.33774038461538464 0.5372596153846154 0.09014423076923077 0.10336538461538461
5 0.47836538461538464 0.5192307692307693 0.057692307692307696 0.10336538461538461
5 0.6346153846153846 0.5192307692307693 0.078125 0.14423076923076922
5 0.8028846153846154 0.4951923076923077 0.14903846153846154 0.20673076923076922
3 0.23076923076923078 0.5757211538461539 0.1141826923076923 0.3112980769230769
3 0.3449519230769231 0.5985576923076923 0.12139423076923077 0.29086538461538464
3 0.4675480769230769 0.5612980769230769 0.1141826923076923 0.2548076923076923
3 0.6153846153846154 0.5685096153846154 0.15625 0.2860576923076923
3 0.7980769230769231 0.5612980769230769 0.21754807692307693 0.5192307692307693