4 0.09975961538461539 0.3161057692307692 0.0625 0.06129807692307692
4 0.2091346153846154 0.2920673076923077 0.06129807692307692 0.06610576923076923
4 0.2956730769230769 0.3269230769230769 0.057692307692307696 0.05889423076923077
4 0.3713942307692308 0.31490384615384615 0.055288461538461536 0.04567307692307692
4 0.4543269230769231 0.3269230769230769 0.04807692307692308 0.04807692307692308
4 0.5240384615384616 0.29086538461538464 0.06129807692307692 0.056490384615384616
4 0.5949519230769231 0.32572115384615385 0.056490384615384616 0.051682692307692304
4 0.6165865384615384 0.3581730769230769 0.051682692307692304 0.04807692307692308
4 0.6598557692307693 0.2980769230769231 0.055288461538461536 0.06610576923076923
4 0.6983173076923077 0.3485576923076923 0.05889423076923077 0.06610576923076923
4 0.7524038461538461 0.2848557692307692 0.06971153846153846 0.0625
4 0.8269230769230769 0.31490384615384615 0.06129807692307692 0.0673076923076923
4 0.9146634615384616 0.28125 0.06129807692307692 0.07211538461538461
3 0.11778846153846154 0.5661057692307693 0.1658653846153846 0.5697115384615384
3 0.2091346153846154 0.5516826923076923 0.125 0.5841346153846154
3 0.3016826923076923 0.5625 0.12860576923076922 0.5348557692307693
3 0.36177884615384615 0.5564903846153846 0.0829326923076923 0.5504807692307693
3 0.41225961538461536 0.5889423076923077 0.09975961538461539 0.4807692307692308
3 0.45913461538461536 0.5564903846153846 0.06971153846153846 0.5216346153846154
3 0.5192307692307693 0.5372596153846154 0.09254807692307693 0.5661057692307693
3 0.609375 0.6045673076923077 0.09375 0.5276442307692307
3 0.7007211538461539 0.5997596153846154 0.10096153846153846 0.5564903846153846
3 0.6598557692307693 0.35096153846153844 0.06370192307692307 0.19951923076923078
3 0.7608173076923077 0.5384615384615384 0.08774038461538461 0.5817307692307693
3 0.8185096153846154 0.5480769230769231 0.0985576923076923 0.5420673076923077
3 0.9026442307692307 0.5480769230769231 0.11538461538461539 0.6310096153846154