6 0.20552884615384615 0.3245192307692308 0.0733173076923077 0.11057692307692307
6 0.2800480769230769 0.16466346153846154 0.04567307692307692 0.051682692307692304
6 0.3161057692307692 0.18269230769230768 0.036057692307692304 0.046875
6 0.43149038461538464 0.19951923076923078 0.040865384615384616 0.05048076923076923
6 0.5060096153846154 0.1971153846153846 0.037259615384615384 0.046875
6 0.5276442307692307 0.2668269230769231 0.06850961538461539 0.07451923076923077
6 0.7572115384615384 0.20432692307692307 0.038461538461538464 0.040865384615384616
6 0.8665865384615384 0.17548076923076922 0.030048076923076924 0.03245192307692308
6 0.9495192307692307 0.2127403846153846 0.037259615384615384 0.03485576923076923
5 0.15985576923076922 0.4891826923076923 0.1658653846153846 0.32211538461538464
5 0.5444711538461539 0.41225961538461536 0.1201923076923077 0.1971153846153846
5 0.27163461538461536 0.27283653846153844 0.057692307692307696 0.13581730769230768
5 0.32211538461538464 0.2704326923076923 0.05889423076923077 0.12860576923076922
5 0.4206730769230769 0.296875 0.08173076923076923 0.13701923076923078
5 0.5 0.26802884615384615 0.052884615384615384 0.09495192307692307
5 0.7415865384615384 0.2848557692307692 0.06129807692307692 0.11778846153846154
5 0.8497596153846154 0.24158653846153846 0.057692307692307696 0.10096153846153846
5 0.9495192307692307 0.27283653846153844 0.06129807692307692 0.08653846153846154
3 0.14783653846153846 0.5745192307692307 0.21754807692307693 0.5973557692307693
3 0.27403846153846156 0.2824519230769231 0.057692307692307696 0.2704326923076923
3 0.31971153846153844 0.3088942307692308 0.05889423076923077 0.2860576923076923
3 0.4170673076923077 0.3317307692307692 0.06850961538461539 0.3076923076923077
3 0.4963942307692308 0.3245192307692308 0.04326923076923077 0.3076923076923077
3 0.5492788461538461 0.4951923076923077 0.15504807692307693 0.515625
3 0.7355769230769231 0.3088942307692308 0.09375 0.2608173076923077
3 0.8461538461538461 0.29086538461538464 0.06971153846153846 0.265625
3 0.9495192307692307 0.29927884615384615 0.0673076923076923 0.22956730769230768