7 0.17307692307692307 0.3918269230769231 0.055288461538461536 0.06370192307692307
7 0.2403846153846154 0.4723557692307692 0.06610576923076923 0.0625
7 0.2824519230769231 0.3870192307692308 0.046875 0.051682692307692304
7 0.3473557692307692 0.44471153846153844 0.056490384615384616 0.052884615384615384
7 0.4639423076923077 0.30288461538461536 0.027644230769230768 0.03485576923076923
7 0.6274038461538461 0.3245192307692308 0.038461538461538464 0.04567307692307692
7 0.6658653846153846 0.17668269230769232 0.026442307692307692 0.037259615384615384
7 0.7872596153846154 0.28125 0.04326923076923077 0.046875
7 0.7091346153846154 0.2824519230769231 0.03485576923076923 0.046875
0 0.3858173076923077 0.35216346153846156 0.04326923076923077 0.04807692307692308
0 0.5444711538461539 0.32211538461538464 0.038461538461538464 0.03125
0 0.5649038461538461 0.38100961538461536 0.04807692307692308 0.05889423076923077
6 0.8509615384615384 0.3605769230769231 0.05889423076923077 0.051682692307692304
6 0.7487980769230769 0.3401442307692308 0.04567307692307692 0.055288461538461536
6 0.3125 0.3125 0.04326923076923077 0.04326923076923077
6 0.44711538461538464 0.3918269230769231 0.04807692307692308 0.057692307692307696
5 0.24879807692307693 0.6598557692307693 0.14182692307692307 0.2824519230769231
5 0.3605769230769231 0.6189903846153846 0.11899038461538461 0.2692307692307692
5 0.3918269230769231 0.4567307692307692 0.078125 0.14423076923076922
5 0.4579326923076923 0.5192307692307693 0.08774038461538461 0.19230769230769232
5 0.5661057692307693 0.5144230769230769 0.09375 0.18870192307692307
5 0.6586538461538461 0.515625 0.11057692307692307 0.23076923076923078
5 0.7427884615384616 0.4699519230769231 0.09014423076923077 0.19951923076923078
5 0.8449519230769231 0.4951923076923077 0.10576923076923077 0.2127403846153846
5 0.7944711538461539 0.3701923076923077 0.06971153846153846 0.11298076923076923
5 0.703125 0.3557692307692308 0.08173076923076923 0.10576923076923077
5 0.546875 0.3918269230769231 0.06850961538461539 0.0889423076923077
3 0.18028846153846154 0.6262019230769231 0.1658653846153846 0.5276442307692307
3 0.25600961538461536 0.6814903846153846 0.13581730769230768 0.4699519230769231
3 0.3605769230769231 0.6454326923076923 0.15264423076923078 0.44350961538461536
3 0.39302884615384615 0.4423076923076923 0.08653846153846154 0.2283653846153846
3 0.31971153846153844 0.3918269230769231 0.0889423076923077 0.19951923076923078
3 0.46153846153846156 0.6021634615384616 0.09735576923076923 0.4795673076923077
3 0.4723557692307692 0.3737980769230769 0.08413461538461539 0.1622596153846154
3 0.5456730769230769 0.36778846153846156 0.08173076923076923 0.13701923076923078
3 0.5600961538461539 0.5817307692307693 0.0829326923076923 0.4411057692307692
3 0.6274038461538461 0.36899038461538464 0.06129807692307692 0.12620192307692307
3 0.6586538461538461 0.5757211538461539 0.09254807692307693 0.4543269230769231
3 0.7439903846153846 0.5480769230769231 0.09014423076923077 0.4723557692307692
3 0.84375 0.5012019230769231 0.10576923076923077 0.33774038461538464
3 0.7908653846153846 0.33052884615384615 0.0673076923076923 0.15144230769230768
3 0.6730769230769231 0.23798076923076922 0.08413461538461539 0.1658653846153846