0 0.5180288461538461 0.5480769230769231 0.055288461538461536 0.06129807692307692
0 0.5612980769230769 0.515625 0.037259615384615384 0.052884615384615384
0 0.6838942307692307 0.5216346153846154 0.057692307692307696 0.05889423076923077
0 0.7752403846153846 0.47716346153846156 0.07692307692307693 0.057692307692307696
0 0.3173076923076923 0.2127403846153846 0.037259615384615384 0.03245192307692308
3 0.3329326923076923 0.3269230769230769 0.1310096153846154 0.2824519230769231
3 0.5204326923076923 0.6838942307692307 0.09975961538461539 0.3545673076923077
3 0.5564903846153846 0.6358173076923077 0.08173076923076923 0.32211538461538464
3 0.6862980769230769 0.6225961538461539 0.09975961538461539 0.2824519230769231
3 0.8016826923076923 0.7043269230769231 0.16826923076923078 0.53125
3 0.9026442307692307 0.6706730769230769 0.11778846153846154 0.2932692307692308