6 0.07932692307692307 0.48677884615384615 0.12379807692307693 0.14182692307692313
7 0.6129807692307693 0.6057692307692308 0.1766826923076923 0.20673076923076927
7 0.65625 0.467548076923077 0.10336538461538458 0.12980769230769235
7 0.71875 0.4278846153846154 0.11538461538461542 0.10336538461538464
7 0.7848557692307693 0.6129807692307694 0.16586538461538458 0.19110576923076927
7 0.9026442307692307 0.5036057692307693 0.1514423076923077 0.16225961538461542
5 0.09615384615384616 0.6790865384615384 0.18269230769230768 0.31129807692307687
5 0.6141826923076923 0.8713942307692307 0.24399038461538458 0.2548076923076923
5 0.7800480769230769 0.8557692307692307 0.1610576923076923 0.2860576923076923
5 0.9002403846153846 0.7415865384615384 0.1670673076923077 0.3233173076923077
3 0.10336538461538461 0.6971153846153846 0.19110576923076922 0.5877403846153846
3 0.6117788461538461 0.7536057692307693 0.28245192307692313 0.4891826923076923
3 0.7764423076923077 0.7560096153846154 0.19110576923076916 0.469951923076923
3 0.9014423076923077 0.6899038461538461 0.1875 0.5576923076923077
3 0.6935096153846154 0.5552884615384616 0.1766826923076923 0.359375
