6 0.21875 0.4939903846153846 0.05288461538461539 0.04807692307692307
6 0.36177884615384615 0.5036057692307693 0.04567307692307693 0.05048076923076922
6 0.37379807692307687 0.46995192307692313 0.03485576923076922 0.04326923076923078
6 0.4519230769230769 0.4747596153846154 0.04206730769230771 0.04567307692307693
6 0.5012019230769231 0.4567307692307693 0.04206730769230771 0.04086538461538464
6 0.5817307692307693 0.4735576923076923 0.03605769230769229 0.04086538461538464
6 0.7055288461538461 0.4158653846153846 0.06730769230769229 0.07692307692307693
5 0.2115384615384615 0.6177884615384616 0.08894230769230768 0.16586538461538458
5 0.36538461538461536 0.6129807692307693 0.08293269230769229 0.15625
5 0.4579326923076923 0.5949519230769231 0.078125 0.171875
5 0.5012019230769231 0.5637019230769231 0.05288461538461542 0.14182692307692302
5 0.5769230769230769 0.5480769230769231 0.046875 0.10096153846153849
5 0.6213942307692307 0.5877403846153846 0.07211538461538458 0.15985576923076916
5 0.7151442307692307 0.5637019230769231 0.10817307692307687 0.21875
5 0.3954326923076923 0.5673076923076923 0.03485576923076922 0.125
3 0.22235576923076922 0.6754807692307692 0.140625 0.4338942307692307
3 0.3629807692307692 0.6586538461538461 0.09855769230769229 0.35817307692307687
3 0.3846153846153847 0.5757211538461539 0.07211538461538464 0.24879807692307687
3 0.4591346153846154 0.6514423076923077 0.08293269230769235 0.40625
3 0.5072115384615384 0.6057692307692307 0.07451923076923078 0.36057692307692313
3 0.5769230769230769 0.5793269230769231 0.06971153846153844 0.26923076923076916
3 0.6237980769230769 0.6430288461538461 0.07331730769230771 0.3485576923076923
3 0.7139423076923077 0.6502403846153846 0.109375 0.5576923076923077
