1 0.22115384615384612 0.17067307692307693 0.1490384615384615 0.09735576923076925
7 0.8762019230769231 0.18509615384615385 0.24399038461538458 0.3545673076923077
7 0.42788461538461536 0.18629807692307693 0.17307692307692302 0.19951923076923075
6 0.6947115384615383 0.20793269230769232 0.15264423076923073 0.18389423076923078
1 0.42908653846153844 0.2668269230769231 0.11418269230769229 0.0625
1 0.7055288461538461 0.3004807692307692 0.09855769230769229 0.08293269230769229
3 0.19471153846153846 0.4987980769230769 0.3737980769230769 0.9807692307692307
3 0.43028846153846156 0.53125 0.34254807692307687 0.875
3 0.6875 0.5324519230769231 0.25 0.8701923076923077
6 0.17307692307692307 0.07692307692307693 0.313701923076923 0.14423076923076922
