2 0.2932692307692308 0.3076923076923077 0.09735576923076925 0.171875
2 0.4699519230769231 0.3737980769230769 0.07451923076923073 0.11778846153846156
2 0.390625 0.40264423076923084 0.05288461538461536 0.09495192307692307
2 0.7427884615384616 0.40384615384615385 0.06129807692307687 0.12379807692307693
2 0.6574519230769231 0.4122596153846153 0.09254807692307698 0.16225961538461536
2 0.109375 0.4591346153846154 0.0625 0.10336538461538464
3 0.28966346153846156 0.5961538461538461 0.28245192307692313 0.7764423076923077
3 0.48677884615384615 0.6382211538461539 0.1634615384615385 0.6574519230769231
3 0.640625 0.6526442307692307 0.22235576923076916 0.6622596153846154
3 0.7584134615384616 0.6658653846153846 0.1514423076923077 0.6634615384615383
3 0.11177884615384616 0.6971153846153846 0.14903846153846154 0.5889423076923077
