5 0.4567307692307692 0.29927884615384615 0.03605769230769229 0.05769230769230771
5 0.29807692307692313 0.31370192307692313 0.025240384615384637 0.05649038461538464
3 0.45673076923076916 0.3173076923076923 0.05048076923076922 0.15024038461538458
3 0.31971153846153844 0.34375 0.06129807692307693 0.16826923076923078
5 0.6069711538461539 0.37860576923076916 0.11418269230769229 0.21754807692307693
5 0.7151442307692307 0.38221153846153844 0.11538461538461542 0.2427884615384615
5 0.7848557692307693 0.40504807692307687 0.14182692307692313 0.28485576923076916
3 0.7007211538461539 0.47596153846153844 0.12019230769230771 0.6394230769230769
3 0.6045673076923077 0.48076923076923084 0.15625 0.59375
3 0.07572115384615384 0.4951923076923077 0.055288461538461536 0.12139423076923078
3 0.8004807692307693 0.5228365384615384 0.1875 0.7391826923076923
3 0.038461538461538464 0.5745192307692307 0.07211538461538461 0.20192307692307687
5 0.04086538461538461 0.5793269230769231 0.07692307692307693 0.12019230769230771
