0 0.34134615384615385 0.22115384615384615 0.12980769230769232 0.13581730769230768
0 0.8605769230769231 0.1935096153846154 0.13221153846153846 0.12620192307692307
7 0.6033653846153846 0.27524038461538464 0.10336538461538461 0.1201923076923077
5 0.3894230769230769 0.5745192307692307 0.2920673076923077 0.4579326923076923
5 0.6081730769230769 0.5973557692307693 0.20192307692307693 0.4110576923076923
5 0.8629807692307693 0.5721153846153846 0.2668269230769231 0.46153846153846156
3 0.3737980769230769 0.5733173076923077 0.3269230769230769 0.8497596153846154
3 0.6346153846153846 0.5997596153846154 0.23798076923076922 0.7980769230769231
3 0.8617788461538461 0.5540865384615384 0.27403846153846156 0.8737980769230769
1 0.3401442307692308 0.29086538461538464 0.09014423076923077 0.05048076923076923
1 0.5973557692307693 0.33653846153846156 0.07211538461538461 0.042067307692307696
1 0.8641826923076923 0.265625 0.09014423076923077 0.052884615384615384