4 0.125 0.8798076923076923 0.10576923076923077 0.11538461538461539
4 0.23798076923076922 0.6262019230769231 0.07932692307692307 0.10817307692307693
4 0.3581730769230769 0.9387019230769231 0.09375 0.1201923076923077
4 0.7367788461538461 0.38221153846153844 0.0673076923076923 0.08413461538461539
4 0.8028846153846154 0.40024038461538464 0.055288461538461536 0.07211538461538461
4 0.6526442307692307 0.6274038461538461 0.06850961538461539 0.10096153846153846
7 0.4182692307692308 0.5516826923076923 0.07932692307692307 0.09014423076923077
4 0.4951923076923077 0.6310096153846154 0.08173076923076923 0.09495192307692307
4 0.8161057692307693 0.7608173076923077 0.08413461538461539 0.12139423076923077
4 0.8377403846153846 0.6550480769230769 0.07932692307692307 0.09495192307692307
4 0.5925480769230769 0.2247596153846154 0.04807692307692308 0.06610576923076923
3 0.1201923076923077 0.9050480769230769 0.140625 0.18269230769230768
3 0.22596153846153846 0.7824519230769231 0.15264423076923078 0.43149038461538464
3 0.4098557692307692 0.7415865384615384 0.09735576923076923 0.4987980769230769
3 0.4855769230769231 0.7824519230769231 0.15504807692307693 0.43028846153846156
3 0.6370192307692307 0.7572115384615384 0.14182692307692307 0.44471153846153844
3 0.7163461538461539 0.5745192307692307 0.09495192307692307 0.49399038461538464
3 0.8004807692307693 0.5504807692307693 0.0829326923076923 0.3786057692307692
3 0.8052884615384616 0.8413461538461539 0.171875 0.2800480769230769
3 0.8497596153846154 0.7163461538461539 0.11057692307692307 0.22355769230769232
3 0.5925480769230769 0.3918269230769231 0.10096153846153846 0.4206730769230769