5 0.18870192307692307 0.5973557692307693 0.1141826923076923 0.22235576923076922
5 0.29086538461538464 0.5769230769230769 0.11778846153846154 0.21394230769230768
5 0.3942307692307692 0.5697115384615384 0.12139423076923077 0.21995192307692307
5 0.6033653846153846 0.5889423076923077 0.0985576923076923 0.20673076923076922
5 0.7151442307692307 0.5745192307692307 0.10576923076923077 0.20192307692307693
4 0.18389423076923078 0.4182692307692308 0.06971153846153846 0.06971153846153846
4 0.2920673076923077 0.41225961538461536 0.06850961538461539 0.05889423076923077
4 0.2548076923076923 0.3401442307692308 0.06610576923076923 0.0625
4 0.3581730769230769 0.33653846153846156 0.051682692307692304 0.055288461538461536
4 0.39903846153846156 0.3870192307692308 0.06610576923076923 0.052884615384615384
4 0.4963942307692308 0.41346153846153844 0.056490384615384616 0.055288461538461536
4 0.5252403846153846 0.3557692307692308 0.05889423076923077 0.05889423076923077
4 0.5997596153846154 0.4254807692307692 0.051682692307692304 0.06370192307692307
4 0.6490384615384616 0.3918269230769231 0.05889423076923077 0.06370192307692307
4 0.7127403846153846 0.4074519230769231 0.06971153846153846 0.0673076923076923
4 0.7980769230769231 0.41225961538461536 0.057692307692307696 0.0673076923076923
3 0.17067307692307693 0.6935096153846154 0.1466346153846154 0.6105769230769231
3 0.2932692307692308 0.6766826923076923 0.12379807692307693 0.5901442307692307
3 0.39783653846153844 0.6682692307692307 0.1201923076923077 0.6201923076923077
3 0.5036057692307693 0.6754807692307693 0.12620192307692307 0.5625
3 0.3557692307692308 0.3786057692307692 0.07932692307692307 0.16105769230769232
3 0.2536057692307692 0.38822115384615385 0.0673076923076923 0.17067307692307693
3 0.5384615384615384 0.4074519230769231 0.06129807692307692 0.13581730769230768
3 0.6081730769230769 0.6850961538461539 0.109375 0.5576923076923077
3 0.6478365384615384 0.44471153846153844 0.07692307692307693 0.171875
3 0.7199519230769231 0.6658653846153846 0.12139423076923077 0.5637019230769231
3 0.8317307692307693 0.6682692307692307 0.1658653846153846 0.5769230769230769