6 0.2908653846153847 0.15865384615384615 0.04326923076923078 0.04206730769230771
6 0.3245192307692307 0.46634615384615385 0.04807692307692307 0.04567307692307693
6 0.3810096153846153 0.4543269230769231 0.04807692307692307 0.04206730769230771
6 0.6634615384615384 0.38100961538461536 0.03245192307692313 0.038461538461538436
6 0.7512019230769231 0.3870192307692308 0.038461538461538436 0.03125
6 0.3737980769230769 0.6826923076923077 0.046875 0.07451923076923073
5 0.2932692307692308 0.2451923076923077 0.0625 0.10937500000000003
5 0.3377403846153846 0.7572115384615384 0.09254807692307693 0.1358173076923077
5 0.33173076923076916 0.5504807692307694 0.08173076923076922 0.12860576923076927
5 0.3846153846153847 0.5456730769230769 0.06129807692307693 0.12620192307692302
3 0.344951923076923 0.7572115384615384 0.13100961538461536 0.21875
3 0.328125 0.5276442307692307 0.09735576923076922 0.1947115384615385
3 0.38221153846153844 0.5144230769230769 0.07331730769230771 0.1875
3 0.28966346153846156 0.2800480769230769 0.11418269230769229 0.3004807692307693
3 0.6502403846153846 0.44951923076923084 0.09014423076923073 0.18750000000000006
3 0.7379807692307693 0.43870192307692313 0.09375 0.15625000000000006
