3 0.1622596153846154 0.5757211538461539 0.23317307692307693 0.7199519230769231
3 0.3653846153846154 0.5456730769230769 0.14182692307692307 0.5612980769230769
3 0.46754807692307687 0.5144230769230769 0.24519230769230765 0.8076923076923077
6 0.20192307692307693 0.26322115384615385 0.08413461538461539 0.07331730769230771
6 0.3701923076923077 0.3088942307692308 0.078125 0.08293269230769229
6 0.41826923076923084 0.17427884615384615 0.10336538461538464 0.10456730769230771
5 0.1814903846153846 0.4567307692307692 0.18870192307692307 0.2872596153846153
5 0.373798076923077 0.4855769230769231 0.14182692307692307 0.2536057692307693
5 0.483173076923077 0.41346153846153844 0.17307692307692313 0.34254807692307687
1 0.21274038461538458 0.3028846153846154 0.04086538461538461 0.030048076923076927
1 0.3762019230769231 0.344951923076923 0.04206730769230771 0.019230769230769218
1 0.41225961538461536 0.22235576923076922 0.03605769230769229 0.030048076923076927
