3 0.39302884615384615 0.7355769230769231 0.13942307692307693 0.5216346153846154
5 0.5144230769230769 0.6574519230769231 0.125 0.2704326923076923
5 0.59375 0.6526442307692308 0.09735576923076927 0.24278846153846156
5 0.6754807692307693 0.6706730769230769 0.09975961538461542 0.21514423076923084
5 0.7704326923076923 0.6995192307692306 0.09735576923076927 0.24639423076923073
5 0.40384615384615385 0.6911057692307693 0.12019230769230771 0.2079326923076923
7 0.420673076923077 0.5180288461538461 0.07211538461538464 0.06370192307692313
7 0.5841346153846154 0.467548076923077 0.05769230769230771 0.06129807692307693
7 0.6634615384615385 0.5072115384615384 0.055288461538461564 0.06610576923076922
7 0.7487980769230769 0.5252403846153846 0.06971153846153844 0.05889423076923078
4 0.5072115384615384 0.45432692307692313 0.07451923076923078 0.06370192307692307
3 0.5168269230769231 0.7019230769230769 0.12019230769230771 0.5889423076923077
3 0.5889423076923077 0.7151442307692307 0.08173076923076927 0.5625
3 0.6790865384615384 0.7295673076923077 0.10817307692307687 0.5252403846153846
3 0.7680288461538461 0.7463942307692307 0.11418269230769229 0.484375
