7 0.16947115384615385 0.3533653846153846 0.055288461538461536 0.04807692307692307
7 0.3713942307692308 0.3737980769230769 0.055288461538461564 0.05168269230769229
7 0.1346153846153846 0.4423076923076923 0.02403846153846155 0.046875
7 0.44711538461538464 0.31971153846153844 0.05769230769230771 0.05649038461538464
7 0.5649038461538461 0.3028846153846153 0.05168269230769229 0.04807692307692307
6 0.7079326923076923 0.2608173076923077 0.05649038461538458 0.05649038461538461
5 0.17067307692307693 0.4747596153846153 0.078125 0.14663461538461536
5 0.36538461538461536 0.4939903846153847 0.07331730769230771 0.15745192307692313
5 0.44471153846153844 0.44711538461538464 0.09735576923076922 0.16826923076923073
5 0.5612980769230769 0.43149038461538464 0.09855769230769229 0.16826923076923073
5 0.7175480769230769 0.40985576923076916 0.11778846153846156 0.19350961538461536
3 0.10336538461538461 0.5528846153846154 0.09375 0.28485576923076916
3 0.16826923076923078 0.5072115384615384 0.1033653846153846 0.375
3 0.25240384615384615 0.5132211538461539 0.10096153846153849 0.3954326923076923
3 0.36778846153846156 0.5456730769230769 0.09735576923076922 0.4110576923076923
3 0.44951923076923084 0.49759615384615385 0.12500000000000006 0.43870192307692313
3 0.5817307692307693 0.49639423076923084 0.16225961538461542 0.44951923076923084
3 0.7283653846153846 0.4747596153846153 0.1358173076923077 0.5048076923076923
