2 0.5456730769230769 0.2824519230769231 0.06129807692307692 0.1141826923076923
2 0.32211538461538464 0.33052884615384615 0.06610576923076923 0.12980769230769232
2 0.6862980769230769 0.3425480769230769 0.057692307692307696 0.1045673076923077
2 0.3762019230769231 0.3485576923076923 0.04326923076923077 0.09375
2 0.8533653846153846 0.35697115384615385 0.020432692307692308 0.042067307692307696
2 0.4411057692307692 0.359375 0.03485576923076923 0.05889423076923077
2 0.6153846153846154 0.36538461538461536 0.021634615384615384 0.052884615384615384
2 0.8004807692307693 0.3713942307692308 0.052884615384615384 0.09495192307692307
2 0.9026442307692307 0.3786057692307692 0.021634615384615384 0.04567307692307692
3 0.921875 0.45913461538461536 0.06850961538461539 0.21153846153846154
3 0.453125 0.5048076923076923 0.078125 0.3473557692307692
3 0.5408653846153846 0.5709134615384616 0.14182692307692307 0.7043269230769231
3 0.6935096153846154 0.5769230769230769 0.15264423076923078 0.5865384615384616
3 0.8076923076923077 0.6033653846153846 0.10336538461538461 0.5793269230769231
3 0.3269230769230769 0.6310096153846154 0.17067307692307693 0.7331730769230769