3 0.2403846153846154 0.5745192307692307 0.2512019230769231 0.6237980769230769
3 0.4963942307692308 0.5216346153846154 0.25721153846153844 0.7019230769230769
3 0.7151442307692307 0.5336538461538461 0.2512019230769231 0.7295673076923077
5 0.2764423076923077 0.49278846153846156 0.1971153846153846 0.25721153846153844
5 0.5264423076923077 0.4411057692307692 0.1814903846153846 0.2692307692307692
5 0.7283653846153846 0.4543269230769231 0.234375 0.28846153846153844
6 0.20192307692307693 0.3112980769230769 0.08774038461538461 0.09975961538461539
6 0.5108173076923077 0.22355769230769232 0.09735576923076923 0.10576923076923077
6 0.7439903846153846 0.22596153846153846 0.10336538461538461 0.11538461538461539
1 0.7391826923076923 0.28125 0.06610576923076923 0.037259615384615384
1 0.21153846153846154 0.3581730769230769 0.05048076923076923 0.03245192307692308