6 0.23076923076923078 0.23317307692307693 0.451923076923077 0.4495192307692307
6 0.5865384615384617 0.3798076923076923 0.024038461538461564 0.027644230769230782
6 0.5588942307692307 0.38461538461538464 0.02043269230769229 0.024038461538461564
5 0.5324519230769231 0.4122596153846154 0.02163461538461542 0.030048076923076927
5 0.5432692307692306 0.41947115384615385 0.038461538461538436 0.05168269230769229
5 0.5865384615384616 0.4314903846153846 0.0625 0.07692307692307693
3 0.5480769230769231 0.43870192307692313 0.04807692307692313 0.10336538461538464
3 0.5552884615384616 0.4423076923076923 0.05288461538461542 0.13461538461538458
3 0.5865384615384616 0.45913461538461536 0.0625 0.18028846153846156
3 0.29447115384615385 0.4987980769230769 0.5769230769230769 0.9807692307692307
