3 0.2668269230769231 0.4182692307692308 0.17067307692307693 0.5841346153846154
3 0.4651442307692308 0.7548076923076923 0.140625 0.34375
3 0.5925480769230769 0.6730769230769231 0.17668269230769232 0.09495192307692307
3 0.7692307692307693 0.359375 0.10817307692307693 0.4723557692307692
3 0.9411057692307693 0.29086538461538464 0.09735576923076923 0.3245192307692308
5 0.24759615384615385 0.33653846153846156 0.11778846153846154 0.24879807692307693
5 0.4831730769230769 0.7259615384615384 0.09975961538461539 0.1875
5 0.59375 0.6754807692307693 0.1310096153846154 0.07932692307692307
5 0.7776442307692307 0.30528846153846156 0.10336538461538461 0.18629807692307693
5 0.9435096153846154 0.26802884615384615 0.07211538461538461 0.15144230769230768
5 0.3942307692307692 0.22355769230769232 0.020432692307692308 0.056490384615384616
3 0.390625 0.23557692307692307 0.046875 0.13581730769230768
6 0.2824519230769231 0.17668269230769232 0.07692307692307693 0.08173076923076923
6 0.39302884615384615 0.18389423076923078 0.020432692307692308 0.025240384615384616
7 0.4266826923076923 0.6213942307692307 0.05889423076923077 0.07692307692307693
7 0.7668269230769231 0.17548076923076922 0.08173076923076923 0.07211538461538461
7 0.9387019230769231 0.16466346153846154 0.056490384615384616 0.057692307692307696