3 0.18629807692307693 0.5444711538461539 0.3233173076923077 0.8677884615384615
3 0.16947115384615385 0.16826923076923078 0.15504807692307693 0.16346153846153844
3 0.5432692307692307 0.5204326923076923 0.3016826923076923 0.9495192307692308
3 0.6322115384615384 0.546875 0.1826923076923077 0.8713942307692308
3 0.8365384615384616 0.5120192307692307 0.2451923076923077 0.9471153846153846
6 0.125 0.16466346153846154 0.09375 0.11778846153846152
6 0.18509615384615385 0.13701923076923078 0.08894230769230771 0.08173076923076925
6 0.5913461538461539 0.15865384615384615 0.08894230769230771 0.08293269230769229
6 0.8185096153846154 0.08413461538461539 0.1358173076923077 0.109375
5 0.18870192307692307 0.3966346153846153 0.23317307692307696 0.32331730769230765
5 0.5060096153846154 0.3786057692307692 0.17548076923076916 0.3185096153846153
5 0.8341346153846154 0.38100961538461536 0.25721153846153844 0.38221153846153844
1 0.20552884615384615 0.17788461538461536 0.04206730769230771 0.02524038461538461
1 0.5817307692307694 0.20192307692307693 0.055288461538461564 0.03245192307692307
