2 0.6862980769230769 0.20192307692307693 0.07211538461538458 0.12379807692307696
2 0.8004807692307694 0.22115384615384615 0.06610576923076927 0.1105769230769231
2 0.6322115384615384 0.234375 0.05649038461538458 0.10336538461538458
2 0.467548076923077 0.24278846153846156 0.06370192307692307 0.11418269230769232
2 0.313701923076923 0.2536057692307692 0.05288461538461536 0.09855769230769229
3 0.19230769230769232 0.30649038461538464 0.05048076923076922 0.13221153846153844
2 0.3810096153846153 0.3497596153846153 0.03725961538461536 0.05048076923076922
3 0.3076923076923077 0.4891826923076923 0.13100961538461542 0.5661057692307692
3 0.4807692307692308 0.4939903846153847 0.15745192307692302 0.6298076923076923
3 0.8762019230769231 0.515625 0.19711538461538458 0.9591346153846154
3 0.6105769230769231 0.5288461538461539 0.125 0.7043269230769231
3 0.7043269230769231 0.5697115384615384 0.11418269230769229 0.8557692307692306
2 0.8605769230769231 0.12620192307692307 0.10817307692307698 0.16225961538461542
