2 0.3473557692307692 0.4050480769230769 0.0625 0.10576923076923077
2 0.6610576923076923 0.41225961538461536 0.037259615384615384 0.07692307692307693
2 0.13942307692307693 0.43149038461538464 0.07211538461538461 0.140625
2 0.7512019230769231 0.44350961538461536 0.037259615384615384 0.08653846153846154
2 0.6334134615384616 0.453125 0.055288461538461536 0.10576923076923077
2 0.8028846153846154 0.4579326923076923 0.025240384615384616 0.06610576923076923
3 0.921875 0.5745192307692307 0.08774038461538461 0.25600961538461536
3 0.8269230769230769 0.5817307692307693 0.0889423076923077 0.3125
3 0.3449519230769231 0.6334134615384616 0.18870192307692307 0.5673076923076923
3 0.7584134615384616 0.6370192307692307 0.09495192307692307 0.4879807692307692
3 0.1502403846153846 0.6634615384615384 0.234375 0.6129807692307693
3 0.640625 0.6838942307692307 0.1814903846153846 0.578125