7 0.9278846153846154 0.2019230769230769 0.10817307692307698 0.13581730769230765
7 0.7175480769230769 0.2644230769230769 0.07932692307692302 0.06971153846153844
7 0.06850961538461539 0.2692307692307692 0.09254807692307693 0.08894230769230771
5 0.9495192307692307 0.39903846153846156 0.09855769230769229 0.3076923076923077
5 0.46033653846153844 0.4074519230769231 0.1826923076923077 0.373798076923077
5 0.7427884615384616 0.46995192307692313 0.1298076923076923 0.2560096153846154
5 0.054086538461538464 0.4735576923076923 0.09855769230769229 0.265625
3 0.9098557692307693 0.5096153846153846 0.17788461538461542 0.7752403846153846
3 0.4855769230769231 0.5324519230769231 0.27403846153846156 0.9326923076923077
3 0.7391826923076923 0.5444711538461539 0.15985576923076916 0.7175480769230769
3 0.07451923076923078 0.5600961538461539 0.125 0.6766826923076923
7 0.4951923076923077 0.13942307692307693 0.11298076923076922 0.13701923076923078
