3 0.342548076923077 0.5997596153846154 0.13701923076923078 0.7920673076923077
3 0.5060096153846154 0.5721153846153846 0.20432692307692302 0.7800480769230769
3 0.6670673076923077 0.5637019230769231 0.10576923076923073 0.5516826923076923
3 0.5612980769230769 0.49759615384615385 0.07692307692307698 0.46754807692307687
3 0.7091346153846154 0.4963942307692307 0.07211538461538458 0.41706730769230765
3 0.7800480769230769 0.4927884615384615 0.07451923076923073 0.4278846153846153
3 0.84375 0.5240384615384616 0.08413461538461542 0.4759615384615385
3 0.9146634615384615 0.4254807692307692 0.038461538461538436 0.16346153846153844
3 0.9507211538461539 0.43149038461538464 0.03605769230769229 0.16826923076923073
7 0.35096153846153844 0.25721153846153844 0.09375 0.1081730769230769
7 0.4891826923076923 0.22235576923076922 0.08173076923076922 0.08653846153846156
7 0.5504807692307693 0.2872596153846154 0.04807692307692313 0.05649038461538464
7 0.6418269230769231 0.326923076923077 0.06610576923076927 0.07932692307692307
7 0.7019230769230769 0.31370192307692313 0.050480769230769273 0.07211538461538464
7 0.7872596153846154 0.30889423076923084 0.05168269230769229 0.06370192307692307
7 0.8329326923076923 0.31850961538461536 0.0625 0.055288461538461564
