2 0.5108173076923077 0.2824519230769231 0.037259615384615384 0.07932692307692307
2 0.8473557692307693 0.2980769230769231 0.042067307692307696 0.06971153846153846
2 0.4254807692307692 0.3004807692307692 0.06610576923076923 0.12139423076923077
2 0.5685096153846154 0.30288461538461536 0.036057692307692304 0.07451923076923077
2 0.24879807692307693 0.30408653846153844 0.057692307692307696 0.10096153846153846
2 0.31850961538461536 0.3088942307692308 0.05048076923076923 0.0829326923076923
2 0.12980769230769232 0.3088942307692308 0.052884615384615384 0.08774038461538461
2 0.9362980769230769 0.32091346153846156 0.038461538461538464 0.0673076923076923
2 0.5925480769230769 0.3329326923076923 0.06129807692307692 0.11298076923076923
2 0.8064903846153846 0.3449519230769231 0.057692307692307696 0.08774038461538461
3 0.9387019230769231 0.47115384615384615 0.10096153846153846 0.3737980769230769
3 0.5132211538461539 0.47475961538461536 0.1045673076923077 0.47475961538461536
3 0.33653846153846156 0.5204326923076923 0.11899038461538461 0.5036057692307693
3 0.1310096153846154 0.5288461538461539 0.13942307692307693 0.5360576923076923
3 0.24639423076923078 0.5564903846153846 0.1141826923076923 0.6129807692307693
3 0.7896634615384616 0.5612980769230769 0.15745192307692307 0.53125
3 0.42788461538461536 0.6153846153846154 0.16346153846153846 0.7463942307692307
3 0.609375 0.625 0.17548076923076922 0.6971153846153846