2 0.6814903846153846 0.24759615384615388 0.09375 0.1947115384615385
2 0.06370192307692307 0.25961538461538464 0.09975961538461539 0.19471153846153844
2 0.14783653846153846 0.2668269230769231 0.10817307692307693 0.16826923076923075
2 0.3425480769230769 0.295673076923077 0.07331730769230771 0.15024038461538464
2 0.8064903846153846 0.2956730769230769 0.09254807692307698 0.15625
2 0.5048076923076923 0.2980769230769231 0.09014423076923078 0.15985576923076925
3 0.6875 0.5673076923076923 0.203125 0.8497596153846154
3 0.1658653846153846 0.5805288461538461 0.14543269230769235 0.8365384615384615
3 0.3401442307692307 0.6021634615384616 0.19350961538461536 0.7920673076923077
3 0.8329326923076923 0.6033653846153846 0.19711538461538458 0.7908653846153846
3 0.5144230769230769 0.6033653846153846 0.2259615384615385 0.7884615384615383
