7 0.1778846153846154 0.5372596153846154 0.06370192307692307 0.08413461538461542
7 0.3713942307692307 0.7668269230769231 0.08173076923076922 0.06610576923076927
7 0.6177884615384616 0.4110576923076923 0.02524038461538458 0.046875
4 0.5973557692307693 0.6057692307692307 0.0625 0.08774038461538458
4 0.6081730769230769 0.4855769230769231 0.06129807692307687 0.06971153846153844
7 0.5036057692307693 0.37259615384615385 0.02644230769230771 0.03846153846153849
3 0.11778846153846154 0.7247596153846154 0.22235576923076922 0.4615384615384616
3 0.3605769230769231 0.8641826923076923 0.1875 0.265625
3 0.6634615384615383 0.7560096153846154 0.21514423076923073 0.405048076923077
3 0.6646634615384616 0.546875 0.1826923076923077 0.19350961538461542
3 0.6538461538461539 0.4435096153846154 0.1358173076923077 0.11899038461538464
3 0.5841346153846154 0.3786057692307692 0.055288461538461564 0.10096153846153844
3 0.484375 0.405048076923077 0.07451923076923078 0.11899038461538464
