7 0.21394230769230768 0.40625 0.052884615384615384 0.06610576923076923
7 0.2764423076923077 0.41466346153846156 0.0625 0.06129807692307692
7 0.3401442307692308 0.36778846153846156 0.055288461538461536 0.051682692307692304
7 0.44711538461538464 0.38221153846153844 0.06129807692307692 0.06610576923076923
7 0.5048076923076923 0.359375 0.05048076923076923 0.0625
7 0.6009615384615384 0.38461538461538464 0.055288461538461536 0.056490384615384616
7 0.8305288461538461 0.34615384615384615 0.055288461538461536 0.06971153846153846
7 0.8401442307692307 0.31971153846153844 0.055288461538461536 0.055288461538461536
4 0.38221153846153844 0.3161057692307692 0.06370192307692307 0.056490384615384616
0 0.6862980769230769 0.3425480769230769 0.056490384615384616 0.06850961538461539
6 0.7331730769230769 0.3401442307692308 0.055288461538461536 0.06971153846153846
5 0.19951923076923078 0.5733173076923077 0.0985576923076923 0.23076923076923078
5 0.27524038461538464 0.5757211538461539 0.09975961538461539 0.21394230769230768
5 0.38100961538461536 0.5012019230769231 0.11298076923076923 0.22355769230769232
5 0.5012019230769231 0.5384615384615384 0.09014423076923077 0.22956730769230768
5 0.5925480769230769 0.5432692307692307 0.07451923076923077 0.21153846153846154
5 0.6814903846153846 0.5144230769230769 0.09975961538461539 0.2091346153846154
5 0.7487980769230769 0.5060096153846154 0.07692307692307693 0.22596153846153846
5 0.8245192307692307 0.5252403846153846 0.109375 0.234375
3 0.19831730769230768 0.6286057692307693 0.09735576923076923 0.5108173076923077
3 0.2848557692307692 0.6394230769230769 0.10336538461538461 0.5216346153846154
3 0.3317307692307692 0.3942307692307692 0.057692307692307696 0.10336538461538461
3 0.3870192307692308 0.5925480769230769 0.11298076923076923 0.6105769230769231
3 0.44591346153846156 0.5949519230769231 0.07932692307692307 0.4963942307692308
3 0.4951923076923077 0.6129807692307693 0.11538461538461539 0.5817307692307693
3 0.5949519230769231 0.6009615384615384 0.1045673076923077 0.5
3 0.6802884615384616 0.5997596153846154 0.10817307692307693 0.5889423076923077
3 0.7463942307692307 0.5745192307692307 0.0889423076923077 0.5348557692307693
3 0.8401442307692307 0.6033653846153846 0.14543269230769232 0.5877403846153846