7 0.5877403846153846 0.27524038461538464 0.0829326923076923 0.0733173076923077
7 0.22355769230769232 0.30528846153846156 0.07451923076923077 0.078125
7 0.6995192307692307 0.31971153846153844 0.0673076923076923 0.07932692307692307
4 0.41225961538461536 0.33653846153846156 0.08413461538461539 0.0889423076923077
5 0.5997596153846154 0.4807692307692308 0.11899038461538461 0.2800480769230769
5 0.7019230769230769 0.5300480769230769 0.10576923076923077 0.2536057692307692
5 0.3918269230769231 0.5540865384615384 0.15264423076923078 0.3137019230769231
3 0.19831730769230768 0.5661057692307693 0.1935096153846154 0.6322115384615384
3 0.5829326923076923 0.5889423076923077 0.1310096153846154 0.7151442307692307
3 0.7139423076923077 0.6081730769230769 0.14423076923076922 0.6658653846153846
3 0.39663461538461536 0.6237980769230769 0.20432692307692307 0.6754807692307693