7 0.36899038461538464 0.2439903846153846 0.056490384615384616 0.06850961538461539
7 0.6478365384615384 0.34375 0.038461538461538464 0.078125
7 0.20192307692307693 0.38100961538461536 0.042067307692307696 0.05048076923076923
5 0.35336538461538464 0.39302884615384615 0.09975961538461539 0.20432692307692307
5 0.15865384615384615 0.45913461538461536 0.06370192307692307 0.14182692307692307
3 0.36538461538461536 0.5036057692307693 0.15985576923076922 0.5925480769230769
3 0.6322115384615384 0.5120192307692307 0.1045673076923077 0.44711538461538464
3 0.10096153846153846 0.5144230769230769 0.06850961538461539 0.328125
3 0.24519230769230768 0.53125 0.11538461538461539 0.25961538461538464
3 0.8401442307692307 0.5348557692307693 0.1141826923076923 0.375
3 0.16346153846153846 0.5552884615384616 0.1045673076923077 0.4182692307692308