2 0.4651442307692308 0.22596153846153846 0.07451923076923077 0.1201923076923077
2 0.078125 0.2283653846153846 0.06610576923076923 0.1201923076923077
2 0.2644230769230769 0.23317307692307693 0.056490384615384616 0.11899038461538461
2 0.8173076923076923 0.234375 0.052884615384615384 0.09375
2 0.6141826923076923 0.24278846153846154 0.07451923076923077 0.140625
2 0.390625 0.24639423076923078 0.07451923076923077 0.13701923076923078
2 0.9831730769230769 0.2644230769230769 0.030048076923076924 0.09014423076923077
2 0.6730769230769231 0.265625 0.042067307692307696 0.08173076923076923
2 0.8822115384615384 0.26802884615384615 0.06971153846153846 0.14182692307692307
2 0.21153846153846154 0.27283653846153844 0.0673076923076923 0.12980769230769232
2 0.7295673076923077 0.31971153846153844 0.06850961538461539 0.11899038461538461
3 0.9603365384615384 0.4579326923076923 0.07692307692307693 0.4963942307692308
3 0.8016826923076923 0.46274038461538464 0.10336538461538461 0.5661057692307693
3 0.08413461538461539 0.5036057692307693 0.15504807692307693 0.6670673076923077
3 0.49038461538461536 0.53125 0.12620192307692307 0.703125
3 0.7415865384615384 0.5637019230769231 0.1141826923076923 0.6201923076923077
3 0.21514423076923078 0.5721153846153846 0.16706730769230768 0.7403846153846154
3 0.6370192307692307 0.5721153846153846 0.20192307692307693 0.7956730769230769
3 0.38822115384615385 0.5721153846153846 0.19471153846153846 0.7824519230769231
3 0.8930288461538461 0.5877403846153846 0.18870192307692307 0.7427884615384616