3 0.26802884615384615 0.6346153846153846 0.0673076923076923 0.2439903846153846
3 0.4074519230769231 0.6358173076923077 0.09375 0.2536057692307692
3 0.5384615384615384 0.6237980769230769 0.07211538461538461 0.2283653846153846
3 0.7932692307692307 0.5901442307692307 0.052884615384615384 0.21875
5 0.2704326923076923 0.5829326923076923 0.06610576923076923 0.06610576923076923
5 0.4074519230769231 0.6009615384615384 0.0673076923076923 0.12139423076923077
5 0.5384615384615384 0.5853365384615384 0.055288461538461536 0.1045673076923077
5 0.796875 0.5697115384615384 0.05048076923076923 0.09975961538461539
6 0.2512019230769231 0.5348557692307693 0.027644230769230768 0.025240384615384616
6 0.38822115384615385 0.5300480769230769 0.02403846153846154 0.03485576923076923
6 0.5504807692307693 0.5264423076923077 0.036057692307692304 0.037259615384615384
7 0.7872596153846154 0.4963942307692308 0.027644230769230768 0.037259615384615384