2 0.8942307692307693 0.2548076923076923 0.125 0.2223557692307692
2 0.47596153846153844 0.27403846153846156 0.07932692307692313 0.1442307692307692
2 0.7524038461538461 0.2920673076923077 0.07932692307692313 0.1598557692307692
2 0.6911057692307693 0.29447115384615385 0.05288461538461542 0.11778846153846151
2 0.24278846153846154 0.3233173076923077 0.11298076923076922 0.20913461538461542
3 0.6634615384615384 0.5252403846153846 0.09495192307692313 0.6262019230769231
3 0.8918269230769231 0.5661057692307693 0.20192307692307698 0.8341346153846154
3 0.48317307692307687 0.5925480769230769 0.22235576923076916 0.7872596153846154
3 0.22956730769230768 0.5973557692307693 0.23798076923076922 0.8016826923076923
3 0.7596153846153846 0.6021634615384616 0.13942307692307698 0.7920673076923077
