3 0.06610576923076923 0.19471153846153846 0.125 0.34375
6 0.7884615384615384 0.2403846153846154 0.052884615384615384 0.04326923076923077
3 0.20192307692307693 0.2512019230769231 0.11057692307692307 0.16105769230769232
7 0.6009615384615384 0.30528846153846156 0.056490384615384616 0.0625
3 0.28846153846153844 0.31971153846153844 0.1971153846153846 0.5384615384615384
3 0.7740384615384616 0.3557692307692308 0.109375 0.2956730769230769
5 0.7800480769230769 0.3557692307692308 0.08774038461538461 0.12620192307692307
3 0.6057692307692307 0.38341346153846156 0.078125 0.21995192307692307
2 0.20432692307692307 0.040865384615384616 0.06610576923076923 0.07211538461538461
3 0.203125 0.08653846153846154 0.09975961538461539 0.15985576923076922
7 0.3317307692307692 0.09014423076923077 0.078125 0.09975961538461539