3 0.5276442307692308 0.4314903846153846 0.2908653846153847 0.49999999999999994
3 0.8088942307692307 0.33653846153846156 0.3329326923076923 0.5528846153846154
3 0.12860576923076922 0.5348557692307693 0.19110576923076922 0.59375
3 0.4254807692307693 0.30408653846153844 0.12620192307692307 0.2355769230769231
3 0.2776442307692308 0.31490384615384615 0.10456730769230771 0.1634615384615385
2 0.5745192307692307 0.30288461538461536 0.17307692307692313 0.25
2 0.7475961538461539 0.16466346153846154 0.1766826923076923 0.2115384615384615
2 0.1346153846153846 0.3088942307692308 0.11778846153846152 0.14182692307692304
2 0.27524038461538464 0.27884615384615385 0.05168269230769229 0.0769230769230769
2 0.44350961538461536 0.25120192307692313 0.078125 0.10336538461538464
