6 0.3016826923076923 0.4411057692307693 0.10576923076923075 0.17307692307692313
6 0.11899038461538461 0.375 0.06971153846153848 0.08173076923076922
6 0.575721153846154 0.5060096153846154 0.024038461538461564 0.02163461538461542
5 0.1045673076923077 0.484375 0.10336538461538461 0.17548076923076916
5 0.31850961538461536 0.5108173076923077 0.20432692307692304 0.3377403846153846
5 0.5012019230769231 0.5661057692307693 0.04086538461538458 0.04206730769230771
5 0.5829326923076923 0.5456730769230769 0.05288461538461542 0.06610576923076927
5 0.7223557692307693 0.5444711538461539 0.03125 0.05168269230769229
5 0.7620192307692307 0.5528846153846154 0.03125 0.058894230769230727
5 0.7752403846153846 0.5612980769230769 0.02163461538461542 0.046875
3 0.10216346153846154 0.5456730769230769 0.10456730769230771 0.4110576923076923
3 0.32091346153846156 0.6177884615384616 0.2175480769230769 0.5456730769230769
3 0.5096153846153846 0.5949519230769231 0.046875 0.12019230769230771
3 0.5793269230769231 0.5745192307692307 0.05168269230769229 0.1802884615384615
3 0.7199519230769231 0.5600961538461539 0.043269230769230727 0.11418269230769229
3 0.7584134615384616 0.5721153846153846 0.03245192307692313 0.11057692307692302
3 0.7788461538461539 0.5769230769230769 0.03245192307692313 0.125
