6 0.34134615384615385 0.30889423076923084 0.1298076923076923 0.18149038461538464
6 0.5240384615384616 0.4122596153846153 0.11899038461538458 0.15985576923076922
6 0.7103365384615384 0.35096153846153844 0.13942307692307687 0.16826923076923078
5 0.30528846153846156 0.7199519230769231 0.26923076923076916 0.4891826923076923
5 0.5300480769230769 0.7824519230769231 0.2764423076923077 0.43028846153846156
5 0.7379807692307692 0.75 0.23076923076923073 0.4783653846153846
3 0.3125 0.6105769230769231 0.25360576923076916 0.765625
3 0.5288461538461539 0.6550480769230769 0.28004807692307687 0.6826923076923077
3 0.7391826923076923 0.6237980769230769 0.24399038461538458 0.7307692307692308
1 0.5276442307692307 0.48197115384615385 0.078125 0.05769230769230771
