4 0.18990384615384615 0.37740384615384615 0.1298076923076923 0.11418269230769229
4 0.41346153846153844 0.4963942307692308 0.12860576923076922 0.14903846153846156
4 0.25721153846153844 0.5300480769230769 0.10096153846153849 0.109375
4 0.3473557692307692 0.5564903846153846 0.06971153846153844 0.12379807692307698
4 0.6995192307692307 0.4795673076923077 0.125 0.125
3 0.7259615384615383 0.6947115384615384 0.25721153846153844 0.5949519230769231
3 0.4314903846153847 0.7019230769230769 0.19711538461538464 0.5673076923076923
3 0.25961538461538464 0.7307692307692307 0.12019230769230771 0.5168269230769231
3 0.3533653846153847 0.6177884615384617 0.09014423076923078 0.2692307692307693
3 0.1454326923076923 0.65625 0.21874999999999997 0.6622596153846154
