2 0.7704326923076923 0.29927884615384615 0.12139423076923077 0.22956730769230768
2 0.6814903846153846 0.3173076923076923 0.08173076923076923 0.16826923076923078
2 0.6262019230769231 0.3389423076923077 0.06610576923076923 0.125
2 0.8665865384615384 0.3557692307692308 0.0733173076923077 0.14182692307692307
2 0.5805288461538461 0.36778846153846156 0.057692307692307696 0.1045673076923077
2 0.9206730769230769 0.37740384615384615 0.11057692307692307 0.18870192307692307
3 0.5072115384615384 0.3870192307692308 0.057692307692307696 0.1502403846153846
3 0.6682692307692307 0.4074519230769231 0.10576923076923077 0.31971153846153844
3 0.7752403846153846 0.5925480769230769 0.19951923076923078 0.7824519230769231
3 0.5540865384615384 0.6189903846153846 0.08653846153846154 0.5769230769230769
3 0.9278846153846154 0.6346153846153846 0.14182692307692307 0.6995192307692307