7 0.3401442307692307 0.31971153846153844 0.05288461538461536 0.12019230769230771
7 0.4435096153846153 0.14423076923076922 0.05048076923076922 0.06971153846153845
7 0.2908653846153847 0.12139423076923075 0.06370192307692307 0.07932692307692306
6 0.65625 0.25120192307692313 0.09735576923076927 0.10336538461538464
6 0.5685096153846154 0.1502403846153846 0.04206730769230771 0.05048076923076922
0 0.10817307692307693 0.23197115384615385 0.027644230769230768 0.0456730769230769
0 0.1790865384615385 0.14423076923076922 0.02043269230769232 0.03125
0 0.1466346153846154 0.14182692307692307 0.016826923076923073 0.02163461538461539
5 0.22115384615384615 0.36658653846153844 0.1706730769230769 0.21995192307692307
5 0.2692307692307693 0.21274038461538458 0.08774038461538464 0.12019230769230768
5 0.04567307692307691 0.1959134615384615 0.07211538461538461 0.06971153846153846
5 0.13942307692307693 0.2764423076923077 0.05528846153846155 0.08173076923076925
5 0.4098557692307692 0.22596153846153844 0.078125 0.1454326923076923
5 0.7776442307692307 0.35096153846153844 0.1670673076923077 0.2391826923076923
5 0.8473557692307693 0.25240384615384615 0.078125 0.0769230769230769
5 0.5661057692307693 0.2247596153846154 0.078125 0.10576923076923078
5 0.4879807692307692 0.1935096153846154 0.038461538461538436 0.04807692307692307
3 0.2487980769230769 0.5084134615384616 0.24519230769230765 0.5144230769230769
3 0.4158653846153846 0.3016826923076923 0.10817307692307693 0.40264423076923084
3 0.49278846153846156 0.20192307692307693 0.046875 0.13942307692307696
3 0.5661057692307692 0.27524038461538464 0.10096153846153844 0.30528846153846156
3 0.7451923076923077 0.5300480769230769 0.30048076923076916 0.6802884615384617
3 0.054086538461538464 0.2536057692307692 0.08894230769230771 0.23317307692307696
3 0.1310096153846154 0.27403846153846156 0.078125 0.1454326923076923
3 0.1875 0.203125 0.058894230769230754 0.14663461538461542
3 0.140625 0.17908653846153846 0.04086538461538462 0.11057692307692307
3 0.2091346153846154 0.15985576923076922 0.027644230769230782 0.06129807692307693
