7 0.09254807692307693 0.49399038461538464 0.06610576923076923 0.07692307692307693
7 0.18629807692307693 0.5420673076923077 0.042067307692307696 0.05048076923076923
7 0.22716346153846154 0.5 0.0673076923076923 0.06850961538461539
7 0.2980769230769231 0.5288461538461539 0.05048076923076923 0.06129807692307692
7 0.3629807692307692 0.48677884615384615 0.052884615384615384 0.0673076923076923
7 0.4362980769230769 0.5264423076923077 0.04567307692307692 0.04326923076923077
7 0.5024038461538461 0.4951923076923077 0.057692307692307696 0.056490384615384616
7 0.5745192307692307 0.5264423076923077 0.042067307692307696 0.05048076923076923
7 0.6478365384615384 0.4987980769230769 0.06129807692307692 0.06129807692307692
7 0.7079326923076923 0.5252403846153846 0.046875 0.05048076923076923
7 0.7776442307692307 0.5516826923076923 0.04567307692307692 0.046875
7 0.8413461538461539 0.4795673076923077 0.057692307692307696 0.056490384615384616
7 0.9302884615384616 0.4879807692307692 0.052884615384615384 0.04807692307692308
3 0.08173076923076923 0.7223557692307693 0.140625 0.5360576923076923
3 0.2283653846153846 0.7259615384615384 0.13701923076923078 0.5060096153846154
3 0.3004807692307692 0.7115384615384616 0.0625 0.4230769230769231
3 0.36538461538461536 0.7163461538461539 0.12860576923076922 0.5420673076923077
3 0.43028846153846156 0.7439903846153846 0.07451923076923077 0.47836538461538464
3 0.5072115384615384 0.7199519230769231 0.12379807692307693 0.5036057692307693
3 0.5733173076923077 0.7463942307692307 0.08774038461538461 0.5048076923076923
3 0.65625 0.7283653846153846 0.11899038461538461 0.5384615384615384
3 0.7211538461538461 0.7427884615384616 0.09254807692307693 0.5120192307692307
3 0.7884615384615384 0.7487980769230769 0.0829326923076923 0.4483173076923077
3 0.8485576923076923 0.7139423076923077 0.14423076923076922 0.5685096153846154
3 0.9423076923076923 0.7175480769230769 0.11298076923076923 0.5252403846153846