3 0.4050480769230769 0.6887019230769231 0.20432692307692307 0.6033653846153846
3 0.2692307692307692 0.6081730769230769 0.17307692307692307 0.5552884615384616
3 0.2620192307692308 0.21995192307692307 0.06370192307692307 0.14903846153846154
3 0.4411057692307692 0.28725961538461536 0.05889423076923077 0.11538461538461539
3 0.49038461538461536 0.25 0.057692307692307696 0.11538461538461539
3 0.5865384615384616 0.2644230769230769 0.042067307692307696 0.0985576923076923
3 0.6394230769230769 0.25721153846153844 0.04807692307692308 0.09254807692307693
3 0.43509615384615385 0.20192307692307693 0.03245192307692308 0.036057692307692304
2 0.36538461538461536 0.4483173076923077 0.06610576923076923 0.109375
2 0.22956730769230768 0.3918269230769231 0.0625 0.11298076923076923
2 0.5877403846153846 0.2403846153846154 0.021634615384615384 0.04567307692307692
2 0.6322115384615384 0.2283653846153846 0.027644230769230768 0.040865384615384616
2 0.4411057692307692 0.24879807692307693 0.02403846153846154 0.04326923076923077
2 0.47836538461538464 0.21033653846153846 0.02403846153846154 0.036057692307692304