6 0.09495192307692307 0.6177884615384616 0.056490384615384616 0.046875
6 0.19110576923076922 0.47836538461538464 0.027644230769230768 0.030048076923076924
6 0.359375 0.43149038461538464 0.03485576923076923 0.037259615384615384
6 0.5721153846153846 0.5444711538461539 0.037259615384615384 0.036057692307692304
6 0.8485576923076923 0.7536057692307693 0.027644230769230768 0.057692307692307696
6 0.9050480769230769 0.6814903846153846 0.042067307692307696 0.040865384615384616
5 0.18870192307692307 0.5372596153846154 0.05889423076923077 0.08413461538461539
5 0.3425480769230769 0.47596153846153844 0.046875 0.0733173076923077
5 0.5733173076923077 0.5901442307692307 0.06850961538461539 0.06610576923076923
3 0.09735576923076923 0.6550480769230769 0.08413461538461539 0.125
3 0.03485576923076923 0.8365384615384616 0.06370192307692307 0.15144230769230768
3 0.5817307692307693 0.6105769230769231 0.08173076923076923 0.1778846153846154
3 0.8413461538461539 0.7992788461538461 0.04567307692307692 0.14903846153846154
3 0.9098557692307693 0.7247596153846154 0.056490384615384616 0.12860576923076922
3 0.1935096153846154 0.5300480769230769 0.078125 0.11899038461538461
3 0.23918269230769232 0.4579326923076923 0.056490384615384616 0.08774038461538461
3 0.3449519230769231 0.5048076923076923 0.0733173076923077 0.1971153846153846
3 0.07451923076923077 0.48677884615384615 0.06850961538461539 0.14182692307692307
3 0.2608173076923077 0.3942307692307692 0.056490384615384616 0.0889423076923077
5 0.08052884615384616 0.4795673076923077 0.04567307692307692 0.06610576923076923