0 0.39903846153846156 0.42788461538461536 0.055288461538461536 0.0625
0 0.24278846153846154 0.4362980769230769 0.0733173076923077 0.07451923076923077
0 0.20552884615384615 0.41225961538461536 0.051682692307692304 0.05048076923076923
0 0.3293269230769231 0.43509615384615385 0.03485576923076923 0.036057692307692304
0 0.44711538461538464 0.4495192307692308 0.040865384615384616 0.038461538461538464
0 0.5637019230769231 0.4651442307692308 0.046875 0.04326923076923077
0 0.6646634615384616 0.453125 0.036057692307692304 0.037259615384615384
0 0.7151442307692307 0.4831730769230769 0.04807692307692308 0.055288461538461536
5 0.23197115384615385 0.6225961538461539 0.13221153846153846 0.2704326923076923
5 0.4050480769230769 0.6045673076923077 0.11899038461538461 0.23076923076923078
5 0.5709134615384616 0.5697115384615384 0.07932692307692307 0.14182692307692307
5 0.7139423076923077 0.5949519230769231 0.09735576923076923 0.16346153846153846
5 0.6634615384615384 0.5060096153846154 0.038461538461538464 0.08413461538461539
5 0.4567307692307692 0.5504807692307693 0.06610576923076923 0.14182692307692307
5 0.18870192307692307 0.4963942307692308 0.037259615384615384 0.0733173076923077
5 0.3269230769230769 0.5384615384615384 0.06971153846153846 0.1201923076923077
3 0.24158653846153846 0.6947115384615384 0.15504807692307693 0.5865384615384616
3 0.18389423076923078 0.5120192307692307 0.08173076923076923 0.25600961538461536
3 0.3293269230769231 0.5901442307692307 0.0889423076923077 0.3557692307692308
3 0.40865384615384615 0.6959134615384616 0.16105769230769232 0.5889423076923077
3 0.46274038461538464 0.5324519230769231 0.08413461538461539 0.21754807692307693
3 0.5733173076923077 0.6237980769230769 0.078125 0.36538461538461536
3 0.7211538461538461 0.6526442307692307 0.11057692307692307 0.3954326923076923
3 0.6682692307692307 0.5432692307692307 0.046875 0.20793269230769232