5 0.17427884615384615 0.421875 0.08894230769230771 0.22235576923076916
5 0.234375 0.42908653846153844 0.109375 0.21754807692307687
5 0.47836538461538464 0.44110576923076916 0.09735576923076927 0.21874999999999994
5 0.42908653846153844 0.4266826923076923 0.06129807692307693 0.19951923076923084
3 0.171875 0.5168269230769231 0.08774038461538461 0.5949519230769231
3 0.2439903846153846 0.5300480769230769 0.13701923076923078 0.5997596153846154
3 0.4879807692307692 0.5420673076923077 0.12379807692307698 0.59375
6 0.19110576923076922 0.24759615384615388 0.04086538461538461 0.06971153846153849
6 0.24158653846153844 0.26802884615384615 0.04206730769230768 0.0637019230769231
6 0.4723557692307692 0.2800480769230769 0.04206730769230771 0.05769230769230771
