7 0.6466346153846154 0.7776442307692307 0.038461538461538436 0.05769230769230771
4 0.7439903846153846 0.8365384615384615 0.04567307692307687 0.058894230769230727
4 0.6634615384615384 0.38461538461538464 0.03125 0.038461538461538436
7 0.7800480769230769 0.1935096153846154 0.027644230769230727 0.03485576923076922
3 0.5901442307692307 0.8161057692307693 0.15745192307692313 0.13461538461538458
3 0.7319711538461539 0.8605769230769231 0.07932692307692313 0.09975961538461542
3 0.6478365384615384 0.421875 0.07692307692307687 0.140625
3 0.7872596153846154 0.2704326923076923 0.08173076923076927 0.19711538461538458
3 0.875 0.421875 0.05649038461538458 0.15264423076923078
6 0.8834134615384616 0.36658653846153844 0.02644230769230771 0.03245192307692307
